91,99,73,137,131,49,35,47,123,5,112,26,126,20,91
91,99,73,56,20,41,108,17,130,79,39,3,91
91,126,13,56,52,4,48,9,40,18,91
91,92,39,18,19,76,8,56,37,4,2,91
91,92,39,18,19,76,8,56,1,4,2,91
91,71,3,117,14,0,13,109,59,91
91,89,24,46,1,97,0,5,134,18,101,32,91
91,19,24,46,1,97,0,5,134,18,101,32,91
91,8,24,46,1,97,0,5,134,18,101,32,91
91,30,76,56,54,4,16,73,107,0,124,67,99,20,1,31,91
91,12,2,57,1,15,27,65,110,0,16,19,117,125,91
91,118,25,5,0,128,12,98,116,43,30,29,8,79,94,1,91
91,27,49,79,0,10,44,8,9,1,23,131,76,11,85,32,91
91,46,76,14,113,1,26,21,7,10,98,6,11,0,91
91,48,26,130,0,126,10,99,1,7,12,4,54,3,91
91,29,0,37,13,131,3,45,12,2,8,15,54,1,91
91,49,9,1,54,6,45,137,75,103,0,60,94,22,47,4,41,2,91
91,33,31,2,1,38,6,109,3,71,110,0,135,8,137,126,4,91
91,16,52,6,130,10,3,128,13,77,0,55,42,8,17,4,54,1,91
91,1,2,46,16,17,6,60,0,11,5,8,22,13,98,136,4,58,31,91
91,2,57,14,1,48,26,4,134,9,3,0,135,8,12,21,24,56,11,54,118,91
91,15,9,26,4,7,10,42,3,2,5,115,83,24,0,39,127,1,91
91,1,71,64,84,32,33,31,2,101,5,39,51,7,3,104,0,6,13,125,4,89,91
91,2,1,114,14,11,7,100,108,16,5,6,13,0,10,12,112,9,21,91
91,1,7,9,4,58,12,26,87,27,3,37,130,0,135,10,51,8,5,2,91
91,1,7,9,4,58,12,26,87,27,3,37,123,0,135,10,51,8,5,2,91
91,1,7,9,4,58,12,26,87,27,3,37,123,0,79,10,51,8,5,2,91
91,1,7,9,4,58,12,26,72,27,3,37,123,0,79,10,51,8,5,2,91
91,4,10,8,0,30,13,6,98,35,7,38,89,9,45,52,3,28,85,1,2,59,91
91,0,37,27,8,35,3,16,22,67,5,10,4,44,7,85,68,118,2,113,1,64,14,84,91
91,0,37,27,8,35,3,16,22,34,5,10,4,44,7,85,68,118,2,113,1,64,14,84,91
91,2,14,64,74,41,7,4,12,67,6,55,94,56,37,0,3,5,1,31,9,71,15,91
91,2,1,9,103,130,8,4,7,12,19,10,43,11,6,107,0,3,105,116,72,5,74,91
91,2,1,11,8,42,29,5,44,10,124,28,30,0,22,109,3,34,51,12,4,9,15,56,127,91
91,21,4,89,1,9,12,3,75,0,37,6,98,10,7,11,5,8,74,99,54,59,2,91
91,21,11,5,8,55,89,4,7,10,98,6,37,0,75,3,12,41,1,9,54,59,2,91
91,23,5,13,8,52,0,37,27,10,12,4,7,3,6,35,42,59,18,2,40,1,91
91,32,1,40,2,18,14,7,4,43,10,79,37,0,110,8,35,6,3,42,13,5,16,91
91,32,1,40,2,18,14,7,4,43,10,65,37,0,110,8,35,6,3,42,13,5,16,91
91,44,5,4,12,46,35,6,3,0,37,75,8,10,16,66,13,7,127,1,99,2,36,113,15,91
91,44,5,4,12,46,35,6,3,0,37,75,8,10,16,66,13,7,127,1,99,2,36,113,15,71,91
91,41,5,4,12,46,35,6,3,0,37,75,8,10,16,66,13,7,127,1,99,2,36,113,15,71,91
91,9,46,8,6,3,75,0,123,100,11,41,5,4,10,19,28,7,21,114,2,1,36,15,91
91,9,15,20,36,1,113,2,127,8,12,5,39,3,10,16,11,37,0,47,6,4,21,19,91
91,2,1,12,4,7,11,41,8,45,0,34,13,27,16,3,35,5,10,124,6,21,15,91
91,56,23,50,22,3,6,35,29,135,0,34,10,5,131,4,12,26,21,43,7,9,1,2,33,18,57,91
91,50,23,56,22,3,6,35,29,135,0,13,10,5,131,4,12,26,21,43,7,9,1,2,33,18,57,91
91,9,38,15,44,27,28,11,8,6,135,0,75,3,47,72,13,10,4,7,5,19,1,2,20,91
91,2,1,26,115,7,4,10,83,28,94,8,135,0,29,3,30,17,5,11,16,13,60,6,22,9,91
91,2,1,48,115,7,4,10,83,28,94,8,47,0,29,3,30,17,5,11,16,13,60,6,22,9,138,91
91,2,1,48,115,7,4,10,83,28,94,8,47,0,29,3,30,17,5,11,16,13,60,6,21,9,138,91
91,9,15,59,2,1,115,8,125,28,4,7,10,22,116,49,3,66,29,0,6,44,35,13,23,5,25,40,74,91
91,1,84,2,32,18,15,54,44,10,7,6,47,0,13,3,8,12,4,24,5,11,16,14,74,91
91,14,84,2,32,18,15,54,44,10,7,6,47,0,13,3,8,12,4,24,5,11,16,1,74,114,91
91,14,84,2,32,18,15,54,44,10,11,6,0,75,13,3,8,12,4,24,5,7,9,1,74,101,59,91
91,14,84,2,32,18,15,54,44,10,11,6,0,72,13,3,8,12,4,24,5,7,9,1,74,101,59,91
91,1,18,81,89,19,21,4,26,12,7,10,43,8,3,5,28,108,6,16,13,0,119,15,2,36,9,91
91,1,18,81,89,19,21,4,24,12,7,10,43,8,3,5,28,108,6,16,13,0,119,15,2,36,9,91
91,1,28,58,22,16,8,43,13,47,6,0,29,3,10,24,11,5,7,12,4,9,89,20,2,15,91
91,1,28,58,22,16,8,43,13,47,6,0,29,3,10,24,11,5,7,12,4,9,89,20,2,15,71,91
91,50,11,21,5,7,4,22,6,13,27,0,28,10,39,30,29,3,49,8,9,15,2,1,32,14,48,91
91,50,11,21,8,49,3,29,30,39,10,28,0,27,13,6,22,4,7,5,9,15,2,1,32,14,88,18,91
91,5,19,11,39,28,116,29,3,49,13,27,37,0,24,8,42,130,6,47,7,10,12,4,9,1,14,2,15,91
91,9,40,2,114,1,25,13,66,3,22,8,24,39,7,10,11,16,6,107,75,0,47,35,43,12,4,5,21,15,91
91,9,40,2,114,1,25,13,66,3,22,8,24,39,7,10,11,16,6,107,75,0,47,85,43,12,4,5,21,15,99,59,91
91,9,40,2,114,1,25,7,39,24,8,22,3,66,13,10,11,16,6,107,0,37,47,85,43,12,4,5,21,15,99,91
91,9,40,2,114,1,25,5,4,12,43,85,16,6,107,0,37,47,11,10,13,66,3,22,8,24,39,7,21,15,36,91
91,9,40,2,114,1,25,5,4,12,43,85,16,6,110,0,37,29,11,10,13,66,3,22,8,24,42,7,21,15,36,91
91,84,1,15,9,93,12,4,7,5,16,11,10,6,0,22,30,17,65,3,67,8,58,19,99,2,20,31,18,14,91
91,20,2,1,36,21,19,11,5,39,7,16,3,111,27,42,22,0,37,6,8,131,12,24,43,28,4,10,9,15,91
91,20,2,1,36,21,19,11,5,39,7,16,3,111,27,42,22,0,37,6,8,63,12,24,43,28,4,10,9,15,91
91,20,2,1,36,21,19,11,5,39,7,16,3,73,27,42,22,0,37,6,8,63,12,24,43,28,4,10,9,15,91
91,2,14,18,1,127,20,9,15,41,46,39,7,5,11,28,35,24,16,6,37,0,13,3,29,10,8,12,4,40,91
91,15,1,2,19,21,4,26,10,7,12,93,35,24,42,22,75,0,6,34,67,8,17,13,3,72,94,43,11,5,9,20,74,91
91,1,2,31,14,33,20,9,15,36,38,5,7,28,0,75,6,22,13,17,11,3,124,29,35,8,10,12,46,4,23,91
91,2,15,9,19,5,16,17,13,6,29,137,37,0,72,30,60,135,110,3,27,124,8,12,7,4,10,11,36,138,1,14,18,33,91
91,2,15,36,19,5,16,17,13,72,3,135,137,29,6,30,60,37,110,0,27,124,8,12,7,4,10,11,9,138,1,14,18,32,91
91,2,15,36,19,5,135,3,72,13,17,16,137,29,6,30,60,37,45,0,27,124,8,12,7,4,10,11,9,138,1,14,18,32,91
91,2,15,36,19,5,43,3,72,13,17,16,137,29,6,30,60,37,45,0,27,124,8,12,7,4,10,11,9,138,1,14,18,32,91
91,9,36,21,5,10,11,23,25,38,7,12,43,22,29,30,13,16,116,0,6,3,35,8,28,42,4,15,2,32,14,1,113,91
91,1,18,14,31,2,20,74,9,19,5,16,13,27,0,30,22,10,39,92,72,3,6,29,8,12,28,35,94,41,7,100,4,15,36,91
91,1,18,14,31,2,20,74,9,19,5,16,13,27,0,30,3,10,39,92,72,22,6,29,8,12,28,35,24,26,7,100,4,15,91
91,40,71,1,2,113,9,7,4,12,43,35,98,45,6,0,123,30,27,22,8,29,3,10,28,16,17,13,49,11,5,23,38,19,48,15,91
91,40,71,1,2,113,9,7,4,12,43,35,98,45,6,0,60,30,27,22,8,29,3,10,28,16,17,13,49,11,5,23,38,19,48,15,91
91,113,32,14,31,1,84,2,15,9,21,4,46,7,22,3,16,10,43,8,35,42,6,110,37,52,13,0,58,24,12,5,11,39,44,19,89,91
91,74,32,14,31,1,84,2,15,9,21,4,46,7,22,3,16,10,43,8,35,0,13,52,37,110,6,42,58,24,12,5,11,39,44,19,89,91
91,25,11,4,12,39,5,21,7,100,10,44,35,22,3,13,27,37,0,60,107,6,16,28,8,24,19,9,89,15,112,36,31,18,114,2,101,1,91
91,25,11,4,12,10,100,7,21,5,39,44,35,22,6,107,60,0,37,27,13,3,16,28,8,24,19,9,89,15,112,36,31,18,114,2,101,14,1,91
91,25,11,4,12,10,100,7,21,5,39,44,24,8,28,16,3,13,27,37,0,60,107,6,22,35,19,9,89,15,112,36,31,18,14,2,101,114,1,71,91
91,1,71,23,21,7,4,93,43,12,24,8,42,6,37,0,47,72,16,66,17,27,13,29,52,3,22,28,5,11,10,46,115,19,9,15,2,59,18,91
91,1,14,2,20,9,15,19,21,76,23,11,5,41,63,4,117,26,12,35,42,10,28,49,16,13,66,3,27,6,0,37,34,24,8,43,46,7,89,91
91,54,41,21,12,7,38,85,11,39,10,5,3,29,17,13,30,0,37,6,22,24,8,125,43,4,100,19,36,9,86,15,71,1,18,31,20,2,32,84,114,91
91,1,18,31,14,32,2,20,86,15,9,19,11,85,50,10,7,5,16,17,13,0,30,87,52,110,6,22,29,3,8,46,4,12,24,21,38,59,91
91,1,18,31,14,32,2,20,86,15,9,19,11,85,50,24,10,7,5,16,17,13,0,30,87,52,110,6,22,29,3,8,46,4,12,21,38,118,40,91
91,32,31,18,14,1,2,15,40,86,36,19,38,21,24,58,8,35,22,67,47,27,0,37,13,3,6,29,43,12,44,10,7,4,11,5,39,41,9,91
91,1,31,32,14,18,2,15,40,86,36,19,41,21,24,58,8,35,22,67,37,27,47,0,13,3,6,29,43,12,44,10,7,4,11,5,39,38,9,54,91
91,1,31,32,14,18,2,15,40,86,36,41,19,21,24,58,8,35,22,67,30,27,47,0,13,3,6,29,43,12,44,10,7,4,11,5,39,38,9,54,91
91,1,31,32,14,18,2,15,40,86,36,9,38,39,5,11,4,7,10,44,12,43,29,6,3,13,0,47,27,30,17,22,35,8,58,24,21,19,41,91
91,1,31,32,14,18,2,15,40,86,36,9,38,39,5,11,4,7,10,44,12,43,29,6,3,13,0,47,27,30,17,22,35,8,58,24,21,19,41,74,91
91,2,14,18,31,1,15,4,58,12,24,28,42,94,29,37,0,30,3,47,6,22,67,55,35,8,49,16,13,17,10,11,5,19,21,7,41,9,36,48,91
91,15,36,9,19,21,7,4,5,10,12,43,8,35,108,42,22,28,16,72,3,6,29,13,17,30,37,0,47,27,23,11,38,2,31,18,14,1,113,32,91
91,15,36,9,19,21,7,4,5,10,12,43,8,35,109,42,22,28,16,72,3,6,29,13,17,30,37,0,47,27,23,11,38,2,31,18,14,1,113,32,97,91
91,9,36,19,21,7,4,115,8,42,43,12,24,35,22,28,16,17,13,3,6,29,47,34,0,111,5,11,44,10,38,15,1,84,32,14,18,81,31,2,20,91
91,15,14,1,18,127,20,2,36,9,38,21,46,4,12,43,24,8,58,35,22,29,6,3,27,17,0,52,79,37,30,13,49,16,10,11,5,7,41,19,54,91
91,15,14,1,18,127,20,2,36,9,38,21,46,4,12,43,24,8,58,35,22,29,6,3,27,17,0,52,79,37,30,13,49,16,10,11,5,7,41,19,54,40,91
91,32,14,97,33,18,20,2,1,15,9,39,28,109,16,49,3,13,17,0,87,37,6,29,22,8,42,11,5,58,24,12,43,10,44,21,4,63,26,100,7,41,19,89,91
91,32,97,14,33,18,20,2,1,15,9,19,41,7,100,26,63,4,21,39,28,109,3,49,16,13,17,0,87,37,6,29,22,8,42,11,5,58,24,12,43,10,44,85,54,91
91,32,97,14,33,18,20,2,1,15,9,19,41,7,100,26,63,4,21,39,28,109,3,49,16,13,17,0,87,37,6,29,22,8,42,11,5,58,24,12,43,10,44,85,54,99,91
91,2,36,15,9,19,21,7,4,12,43,24,8,58,22,6,37,45,75,0,30,13,17,16,29,3,28,42,35,11,44,10,5,23,25,54,1,114,31,14,32,18,48,91
91,15,36,9,19,4,12,63,26,93,21,41,7,5,44,10,39,28,8,6,0,106,75,37,30,22,29,3,27,65,17,105,13,16,11,23,25,40,1,18,14,31,20,2,91
91,15,36,9,19,4,12,63,26,93,21,41,7,5,44,10,39,28,8,6,0,79,75,37,30,22,29,3,27,65,17,105,13,16,11,23,25,40,1,18,14,31,20,2,91
91,15,36,9,19,4,12,63,26,93,21,41,7,5,44,10,39,28,8,6,0,79,75,37,30,65,17,105,13,27,3,29,22,16,11,23,25,40,1,18,14,31,20,2,59,91
91,15,36,9,19,4,12,63,26,93,21,41,7,5,44,16,28,8,6,0,79,75,37,30,65,17,105,13,27,3,29,22,10,39,11,23,25,40,1,18,14,31,20,59,2,127,91
91,15,36,9,19,4,12,63,26,46,7,41,21,5,44,10,28,8,6,0,79,75,37,30,65,17,105,13,27,16,29,22,3,39,11,23,25,40,1,14,18,31,59,20,2,91
91,15,36,9,19,4,12,63,26,46,7,41,21,5,44,10,28,8,6,0,79,75,37,30,65,17,77,13,27,16,29,22,3,39,11,23,25,40,1,14,18,31,59,20,2,91
91,1,59,20,48,19,41,21,7,4,93,12,24,43,35,22,34,8,27,29,6,37,0,30,17,13,49,3,16,28,10,39,11,5,23,9,15,2,31,18,33,14,32,91
91,1,59,20,36,19,21,41,7,93,4,12,24,43,35,22,34,8,27,29,6,37,0,30,17,13,49,3,16,28,10,39,5,11,23,9,15,2,31,18,33,14,32,91
91,2,1,114,31,18,14,20,59,15,23,49,28,3,22,35,34,37,45,6,0,47,29,27,30,17,13,66,16,5,11,39,10,42,8,24,12,4,7,21,41,19,9,40,74,91
91,1,71,40,25,23,56,16,17,13,66,29,3,47,22,6,35,67,34,37,0,27,24,42,8,126,10,43,12,4,46,7,5,85,11,50,38,21,19,9,36,15,99,2,14,97,18,31,114,91
91,20,31,33,18,14,1,2,15,36,112,9,19,21,41,7,46,4,26,12,43,42,29,24,8,67,55,22,128,0,52,6,35,27,105,13,16,66,3,39,10,44,11,5,85,23,25,134,40,91
91,20,31,32,18,14,1,2,15,36,112,9,19,21,41,7,46,4,26,12,43,42,29,35,6,52,0,130,22,55,67,8,24,27,105,13,16,66,3,39,10,44,11,5,85,23,25,134,40,91
91,2,31,32,18,14,1,20,15,36,112,9,19,21,41,7,26,4,46,12,43,42,29,35,6,52,0,107,22,55,67,8,24,27,105,13,16,66,3,39,10,44,11,5,85,23,25,134,40,91
91,1,14,18,31,32,2,20,15,36,9,19,21,41,46,4,26,43,12,8,22,6,37,135,52,60,0,30,66,29,49,3,27,13,16,35,44,10,7,100,5,39,50,11,23,25,40,91
91,32,14,18,31,1,2,20,15,36,9,19,41,21,4,46,26,43,12,8,22,6,52,135,37,60,0,27,29,47,49,3,13,66,16,5,10,24,44,100,7,39,11,50,23,25,40,74,91
91,32,14,18,31,1,2,20,15,36,9,19,41,21,4,46,26,43,12,8,22,6,52,60,37,110,0,27,29,47,49,3,13,66,16,5,10,24,44,100,7,39,11,50,23,25,40,74,91
91,32,14,18,31,2,20,40,25,23,50,11,39,5,10,24,44,100,7,16,66,13,3,49,27,29,47,30,0,37,107,52,6,22,8,12,43,26,46,4,21,41,19,9,36,15,1,91
91,48,36,15,9,54,25,23,50,11,16,13,17,65,73,30,60,0,75,37,34,22,29,6,3,28,42,44,39,10,58,24,8,43,4,12,7,38,5,21,19,2,18,31,97,14,1,40,91
91,1,31,18,14,32,71,40,54,38,11,5,10,42,24,8,124,3,30,75,52,6,47,27,16,13,17,104,0,37,29,22,35,28,39,4,26,12,43,63,7,21,41,19,9,36,15,2,127,91
91,1,31,18,14,32,71,40,54,38,11,5,10,42,24,8,49,3,30,0,52,6,47,27,16,13,17,104,75,37,29,22,35,28,39,4,26,12,43,63,7,21,41,19,9,36,15,2,127,91
91,1,2,18,32,84,14,31,20,15,36,38,76,50,23,25,11,5,7,43,24,10,28,49,16,13,65,17,30,47,0,37,6,29,27,3,22,35,8,12,4,83,46,26,21,19,9,91
91,1,2,18,32,84,14,31,20,15,36,38,76,50,23,25,11,5,7,43,24,10,28,49,16,13,65,17,30,47,0,37,6,29,3,27,22,35,8,12,4,83,46,26,21,19,9,74,91
91,20,31,18,33,14,32,114,1,2,59,36,15,9,19,21,26,4,100,7,12,43,24,8,109,98,6,29,35,22,3,27,16,66,13,77,17,30,0,45,37,75,49,28,10,44,5,11,23,40,91
91,20,31,18,33,14,32,114,1,2,59,36,15,9,19,21,26,100,4,7,12,43,24,8,109,22,35,29,6,98,3,27,16,92,13,77,17,30,0,45,37,75,42,28,10,44,5,11,23,40,91
91,15,36,9,19,21,41,4,100,7,26,46,12,43,24,8,58,42,55,27,3,16,66,13,17,30,0,52,103,45,37,6,22,29,94,28,10,5,44,39,11,38,127,101,20,57,64,18,32,14,1,2,91
91,15,36,9,19,21,41,4,46,26,7,100,12,43,24,8,58,55,28,94,29,22,6,52,0,47,37,110,30,17,13,66,27,3,16,42,10,5,44,39,11,38,59,20,101,57,64,18,32,14,1,2,91
91,1,32,31,33,18,20,2,59,15,25,23,11,5,44,10,49,16,3,47,66,13,17,30,27,6,0,52,37,128,34,98,22,29,35,8,58,24,46,26,93,12,126,43,4,7,21,19,36,9,40,74,91
91,74,15,86,36,9,23,50,5,11,39,10,44,28,42,29,35,22,6,45,0,37,47,27,30,17,13,92,16,3,8,24,43,26,46,4,12,7,21,19,38,113,2,20,32,18,31,14,1,91
91,1,2,20,18,14,32,31,40,134,25,23,16,0,37,75,6,30,27,17,13,77,3,29,22,35,8,5,50,11,39,10,42,28,58,24,43,12,4,46,83,26,7,21,41,19,38,9,15,91
91,1,2,20,18,14,32,31,40,134,25,23,16,0,37,75,6,30,27,77,13,17,3,29,22,35,8,5,50,11,39,10,28,42,58,24,43,12,4,46,83,26,7,21,41,19,38,9,15,99,91
91,1,31,14,32,18,81,2,20,48,36,138,9,19,41,7,4,26,12,43,24,8,55,35,29,45,0,37,87,30,17,13,16,3,22,34,6,47,27,42,28,10,39,50,85,11,5,23,54,40,15,91
91,1,31,14,32,18,81,2,20,48,36,138,9,19,41,7,4,26,12,43,24,8,55,35,34,22,3,16,17,13,30,87,37,0,45,29,6,47,27,42,28,10,39,50,85,11,5,21,54,40,15,91
91,1,31,14,32,18,81,2,20,48,36,138,9,19,41,7,4,26,12,43,24,8,55,35,34,27,47,6,29,45,0,37,52,30,13,17,16,3,22,42,28,10,39,50,85,11,5,21,54,40,15,91
91,1,32,84,18,33,31,14,2,59,20,36,15,40,25,23,50,11,5,10,44,39,16,3,17,77,13,27,60,30,52,107,37,0,6,29,35,22,55,24,8,12,63,4,115,7,26,46,21,38,19,9,91
91,1,32,84,18,33,14,31,2,59,20,36,15,40,25,23,11,50,5,10,44,39,16,3,17,77,13,27,60,30,52,107,37,0,6,29,35,22,55,24,8,12,63,4,115,7,26,46,21,38,19,9,86,91
91,1,32,84,18,33,14,31,2,59,20,36,15,40,25,23,11,50,5,10,44,39,16,3,77,17,13,27,60,30,52,107,37,0,6,22,35,55,29,24,8,12,63,4,46,26,7,100,21,38,19,9,89,91
91,1,32,84,18,33,14,31,2,59,20,36,15,40,25,23,11,50,5,10,44,39,16,3,77,17,13,27,47,30,52,107,37,0,6,22,35,55,29,24,8,12,63,4,46,26,7,100,21,38,19,9,89,91
91,1,32,84,18,33,14,31,2,59,20,36,15,40,25,23,11,50,5,10,44,39,16,3,47,27,13,17,77,30,52,106,37,0,6,22,35,55,29,24,8,12,63,4,46,26,7,100,21,38,19,9,89,91
91,1,32,84,18,33,14,31,2,59,20,36,15,40,25,23,11,50,5,10,44,39,16,3,27,30,13,17,65,47,52,87,37,0,6,22,55,35,29,24,8,12,46,26,63,4,7,100,19,21,38,9,74,91
91,1,32,84,18,33,14,31,2,59,20,36,15,40,25,23,11,50,5,10,44,39,16,3,27,30,13,17,65,47,52,87,37,0,6,22,55,35,29,24,8,12,46,26,63,4,7,41,19,21,38,9,91
91,1,32,31,18,33,14,84,2,59,20,36,15,40,25,23,11,50,5,10,44,39,16,3,27,30,13,17,65,47,52,87,37,0,6,22,55,35,29,24,8,12,63,46,26,4,7,41,19,21,38,9,99,91
91,1,14,33,18,31,32,84,2,59,20,36,15,40,25,23,11,50,5,10,44,39,16,3,27,30,13,17,65,47,52,87,37,0,6,22,55,35,29,24,8,12,63,46,26,4,7,41,19,21,38,9,99,74,91
91,31,32,84,14,18,33,1,2,59,20,99,15,40,25,23,11,50,5,10,44,39,16,3,27,47,30,13,65,17,52,75,37,0,6,22,55,29,35,8,24,12,63,4,46,26,7,41,19,21,38,9,36,86,74,91
91,31,32,84,14,18,33,1,2,57,20,99,15,40,25,23,11,50,5,10,44,39,16,3,27,47,30,13,65,17,52,75,37,0,6,29,55,22,35,8,24,12,63,4,46,26,7,41,19,21,38,9,86,36,74,91
91,2,31,18,14,32,1,20,36,9,19,38,21,41,7,26,46,4,12,43,24,8,125,35,22,94,3,27,47,107,30,29,52,6,45,37,0,73,17,13,66,16,42,28,10,44,39,5,11,23,25,40,15,74,91
91,2,31,18,14,32,1,20,36,9,19,38,21,41,7,26,46,4,12,43,24,8,58,35,22,94,3,27,47,107,30,29,52,6,45,37,0,73,17,13,66,16,42,28,10,44,39,5,11,23,25,40,15,74,91
91,40,25,23,11,5,39,49,16,17,65,66,13,3,27,6,87,37,52,30,0,47,29,22,34,55,35,8,10,28,42,24,63,12,43,46,4,100,7,21,41,19,38,9,36,15,48,20,57,18,14,97,31,2,114,1,91
91,74,1,32,14,18,31,2,20,36,15,9,19,21,41,100,46,7,4,26,12,43,58,8,125,24,55,34,3,92,16,13,17,65,30,0,75,52,87,37,6,29,22,35,67,109,42,28,10,44,39,11,5,50,23,25,38,112,91
91,15,36,9,19,41,21,7,26,46,63,4,12,43,24,58,8,35,27,3,130,37,0,60,47,30,13,17,16,49,67,55,34,75,6,29,22,42,28,131,10,44,39,5,50,11,23,25,71,2,31,18,33,14,97,32,1,91
91,15,36,9,19,41,21,7,26,46,63,4,12,43,24,58,8,35,29,3,128,37,0,60,47,30,13,17,16,49,27,6,75,34,55,67,22,42,28,131,10,44,39,5,50,11,23,25,71,2,31,18,33,14,97,32,1,91
91,15,36,9,19,41,21,7,26,46,63,4,12,43,24,58,8,35,29,3,128,37,0,60,47,30,13,17,16,49,27,6,75,34,55,67,22,42,28,131,10,44,39,5,50,11,23,25,40,2,31,18,33,14,97,32,1,91
91,15,36,9,19,41,21,7,26,46,63,4,12,43,24,58,8,55,34,108,37,0,60,49,16,17,13,30,47,75,6,27,3,29,22,67,35,42,28,131,10,44,39,11,50,5,23,25,40,2,31,18,33,14,97,32,1,91
91,15,9,36,19,41,21,7,63,26,46,4,12,43,24,58,8,55,34,79,0,87,37,47,13,17,16,49,66,30,6,3,27,29,22,67,35,42,28,131,10,44,39,5,50,11,23,25,40,2,31,33,18,14,97,32,1,91
91,15,9,36,19,41,21,7,63,26,46,4,12,43,24,58,8,55,34,79,0,45,37,47,13,17,16,49,66,30,6,3,27,29,22,67,35,42,28,131,10,44,39,5,50,11,23,25,40,2,31,33,18,14,97,32,1,91
91,1,33,18,31,14,97,32,2,40,25,23,5,50,11,39,44,10,131,28,42,35,67,22,6,47,3,105,29,49,16,17,13,27,30,0,52,37,45,34,55,8,24,58,43,12,26,46,4,63,7,21,41,19,9,36,15,91
91,1,33,18,31,14,97,32,2,40,25,23,5,50,11,39,44,10,131,28,42,35,67,22,6,47,3,105,29,49,16,17,13,27,30,0,52,37,45,34,55,8,24,58,43,12,26,46,4,63,7,21,41,19,9,36,15,99,91
91,1,40,25,68,23,11,5,100,7,44,39,16,92,3,13,17,77,65,27,30,60,37,75,52,0,107,6,29,22,98,34,55,35,8,42,28,10,24,43,12,26,46,4,41,21,19,9,15,20,57,31,14,32,33,81,18,2,59,127,91
91,40,25,68,23,56,16,66,13,17,30,37,87,52,0,79,45,106,6,47,27,3,29,22,34,55,35,8,24,12,43,26,4,46,7,42,28,10,44,39,11,5,100,21,41,19,9,15,74,1,32,14,31,18,81,20,57,64,2,91
91,2,64,57,20,81,18,31,14,32,1,74,15,9,19,41,21,38,5,11,39,44,10,28,42,7,46,4,26,43,12,24,8,35,55,34,22,29,3,27,47,6,132,45,128,52,87,37,0,30,17,13,66,16,56,23,68,25,40,91
91,40,25,68,23,56,16,66,13,17,30,135,52,0,87,37,45,132,6,47,27,3,29,22,35,55,34,8,24,12,43,4,46,26,7,28,42,10,44,39,11,5,38,21,41,19,9,15,74,2,64,57,20,18,31,14,32,1,71,91
91,40,25,68,23,56,16,66,13,17,30,60,52,0,87,37,45,132,6,47,27,3,29,22,35,55,34,8,24,12,43,4,46,26,7,28,42,10,44,39,11,5,38,21,41,19,9,15,74,2,64,57,20,18,31,14,32,1,71,91
91,1,32,14,33,18,31,57,64,20,2,59,15,9,36,38,19,21,41,4,26,46,7,12,43,24,8,35,67,34,52,37,0,60,30,73,47,6,29,22,3,27,17,65,13,66,16,92,42,28,10,44,5,11,50,68,23,25,74,91
91,40,54,25,23,38,5,11,85,39,44,10,28,109,42,29,6,52,87,0,37,75,47,30,27,17,13,3,16,22,35,8,24,58,43,12,117,26,63,4,46,7,21,19,89,9,36,48,59,2,20,57,18,33,31,14,32,1,114,15,74,91
91,74,1,32,14,33,18,31,20,59,2,15,9,86,36,41,19,21,26,46,7,4,12,43,24,8,109,42,10,35,22,29,3,6,52,37,0,60,103,30,47,27,65,13,17,77,66,16,49,28,44,39,5,11,50,38,23,25,134,40,91
91,74,15,54,25,23,50,5,11,44,39,10,28,131,49,16,72,3,13,17,77,73,27,47,30,34,45,87,0,37,52,6,29,22,35,8,58,24,43,12,4,46,26,7,100,21,41,19,38,9,36,48,20,2,1,33,18,31,14,97,32,91
91,74,15,40,25,23,50,5,11,44,39,10,28,131,49,16,72,3,13,17,77,73,27,47,30,34,45,87,0,37,52,6,29,22,35,8,58,24,43,12,4,46,26,7,100,21,41,19,38,9,36,48,20,2,1,33,18,31,14,97,32,91
91,74,15,40,25,23,50,5,10,44,11,39,131,28,49,16,72,3,13,77,17,66,27,47,30,52,87,0,37,45,34,6,29,22,35,8,24,58,43,12,4,46,26,7,100,41,38,21,19,9,36,48,20,2,32,33,14,97,18,31,1,91
91,74,15,40,25,23,50,5,10,44,11,39,131,28,49,16,72,3,13,77,17,66,27,47,30,52,87,0,37,45,34,6,29,22,35,8,24,58,43,12,4,46,26,7,100,41,38,21,19,9,36,48,20,2,32,33,14,81,18,31,1,91
91,74,15,40,25,23,50,44,10,5,11,39,131,28,49,16,72,3,66,17,77,13,27,47,30,52,87,0,37,45,34,6,29,22,35,8,24,58,43,12,4,46,26,117,7,41,38,21,19,9,36,48,20,2,1,33,18,81,14,32,31,113,91
91,74,113,1,18,81,33,14,32,31,2,20,48,36,9,19,41,38,21,7,100,26,46,4,12,43,24,8,58,35,22,29,6,34,45,0,37,87,52,30,47,27,13,77,17,66,3,72,16,49,28,131,10,5,44,39,11,50,23,25,40,15,91
91,15,40,25,23,50,11,5,39,44,10,42,28,94,3,49,16,72,13,17,65,30,27,47,6,37,87,0,128,34,55,29,22,35,8,58,24,43,12,46,26,63,4,7,21,41,19,38,9,36,48,20,2,113,32,14,31,18,81,33,1,74,91
91,15,40,25,23,50,11,5,39,44,10,42,28,94,3,49,16,72,13,17,65,30,27,47,6,37,79,0,128,34,55,29,22,35,8,58,24,43,12,46,26,63,4,7,21,41,19,38,9,36,48,20,2,113,32,14,31,33,81,18,1,74,91
91,15,40,25,23,50,11,5,39,44,10,42,28,94,3,49,16,72,13,17,65,30,27,47,6,37,79,0,110,34,55,29,22,35,8,58,24,43,12,46,26,63,4,7,21,41,19,38,9,36,48,20,2,113,32,14,31,33,81,18,1,74,91
91,2,1,84,32,97,14,31,18,33,64,57,20,40,25,23,76,38,5,11,39,10,44,28,3,49,72,16,66,13,104,17,73,30,60,27,47,52,0,75,37,45,34,29,6,22,35,8,24,43,12,46,26,117,4,7,41,21,19,89,9,36,15,99,91
91,40,25,23,11,50,5,44,39,10,42,131,28,49,16,13,17,65,27,47,6,75,0,107,52,87,37,45,34,108,22,3,29,35,8,24,58,43,12,63,26,46,4,7,21,41,19,89,36,9,15,99,59,20,64,57,2,32,84,18,14,81,33,31,1,113,91
91,1,31,81,33,18,14,32,84,2,57,64,20,59,99,15,9,36,89,19,41,21,7,4,46,26,63,12,43,58,24,8,35,108,34,45,130,37,107,52,0,87,29,6,22,3,47,27,65,17,13,16,49,109,28,42,10,44,39,5,50,11,23,25,40,74,91
91,1,31,33,81,18,14,32,84,64,57,20,2,59,99,15,9,36,89,19,21,41,7,26,46,4,63,12,43,24,58,8,35,34,22,3,6,29,106,45,87,37,107,52,0,130,47,27,65,17,13,16,49,42,109,28,10,44,39,5,50,11,23,25,40,74,91
91,1,31,33,81,18,14,84,32,64,57,20,2,59,99,15,9,36,89,19,21,41,7,26,46,4,63,12,43,24,58,8,35,34,22,3,6,29,106,45,110,130,37,52,0,60,47,27,65,17,13,16,49,109,28,42,10,44,39,5,50,11,23,25,40,74,91
91,1,31,33,81,18,14,84,32,64,57,20,2,59,99,15,9,36,89,19,21,41,7,26,46,4,63,12,43,24,58,8,35,34,22,3,6,29,106,45,110,130,52,37,0,60,30,27,65,17,13,16,49,109,28,42,10,44,39,5,11,50,23,25,40,74,91
91,1,31,81,18,33,14,84,32,64,57,20,59,2,99,15,9,36,86,19,41,21,7,12,4,46,26,63,43,24,58,8,35,34,37,52,87,45,128,79,0,60,30,6,29,22,3,27,65,17,13,16,72,49,28,42,10,44,39,5,11,50,23,25,40,91
91,74,15,36,86,112,9,38,19,21,41,7,46,4,26,63,12,43,24,58,8,35,67,22,34,47,3,29,6,107,103,0,37,75,52,30,27,17,13,16,92,49,28,42,10,44,39,85,5,11,50,23,25,119,40,2,20,64,57,33,18,14,31,32,1,113,91
91,74,15,36,89,38,19,21,41,7,4,46,26,63,12,43,58,24,8,35,22,98,34,75,37,110,87,0,52,6,29,3,13,17,30,47,27,105,16,49,28,42,44,10,39,50,11,5,76,23,25,119,40,9,99,127,2,20,64,81,18,33,14,31,84,32,1,91
91,74,15,36,86,38,19,41,21,7,4,46,26,63,12,43,58,24,8,35,22,98,34,75,37,0,87,110,52,6,29,3,13,17,30,47,27,105,16,49,10,28,42,44,39,11,5,50,76,23,25,119,40,9,99,127,2,20,64,31,18,33,81,14,84,32,1,91
91,74,9,36,86,38,19,41,21,7,4,46,26,63,12,43,58,24,8,35,22,98,34,75,37,0,87,110,52,6,29,3,13,17,30,47,27,92,16,49,10,28,42,44,39,11,5,50,76,23,25,119,40,15,99,127,2,20,64,31,18,33,81,14,84,32,1,91
91,74,36,9,86,38,19,41,21,7,4,46,26,63,12,43,58,24,49,92,16,3,47,30,17,13,27,29,6,52,103,0,37,87,75,34,98,22,35,8,42,28,10,44,39,11,5,50,76,23,25,119,40,15,99,127,2,20,64,31,81,33,18,14,84,32,1,91
91,74,86,9,36,19,38,21,41,7,4,46,26,63,12,43,58,24,28,42,8,35,22,55,34,75,87,37,0,103,52,6,29,27,13,17,30,47,3,16,92,49,10,44,39,11,5,50,76,23,25,119,40,15,99,127,2,20,64,31,18,81,33,14,32,84,1,91
91,74,86,9,36,19,38,21,41,7,4,46,26,63,12,43,58,24,28,42,8,35,22,55,34,75,87,37,0,103,52,6,29,27,13,17,30,47,3,16,92,49,10,44,39,11,5,50,76,23,25,119,40,15,99,59,2,20,64,31,18,81,33,14,32,84,1,91
91,2,1,84,32,14,97,31,33,18,57,20,59,48,112,36,9,15,54,38,19,21,41,7,63,46,26,4,12,43,58,24,8,125,67,35,22,29,6,37,52,135,0,30,27,47,73,13,17,65,3,16,92,49,28,42,44,10,39,11,85,5,50,23,68,25,40,74,91
91,1,32,14,84,31,81,33,18,57,20,59,2,48,36,89,9,15,54,38,19,41,21,7,4,46,63,26,12,43,24,58,8,67,35,22,98,29,6,37,0,107,52,30,27,47,13,77,17,65,3,16,72,49,42,28,10,44,39,11,85,5,50,23,68,25,40,91
91,1,32,14,84,31,81,33,18,57,20,59,2,48,36,89,9,15,54,38,19,41,21,7,26,46,63,4,12,43,24,58,8,67,35,22,98,29,6,37,0,87,52,47,27,30,66,77,17,13,3,16,72,49,42,28,10,44,39,11,85,5,50,23,68,25,40,91
91,74,15,40,118,25,68,23,50,11,5,39,10,44,28,42,137,3,49,92,16,17,13,27,47,30,107,52,37,0,45,6,29,22,55,34,35,8,58,24,126,43,12,26,46,4,7,21,41,38,19,9,36,138,86,48,20,57,64,18,33,14,32,84,31,1,113,2,91
91,74,15,40,118,25,68,23,50,11,5,39,10,44,28,42,137,3,49,92,16,17,13,27,47,30,107,52,37,0,45,6,29,22,55,34,35,8,58,24,126,43,12,26,46,4,7,21,41,38,19,9,36,138,86,48,20,57,64,18,33,14,32,84,31,1,113,2,127,91
91,59,2,113,1,32,31,14,97,18,33,64,57,20,48,15,36,86,9,38,19,21,41,7,26,46,4,12,126,43,24,58,8,35,55,34,29,6,52,0,37,107,30,17,104,13,66,27,47,3,16,49,94,22,42,28,10,44,39,5,85,11,50,23,68,25,40,74,91
91,59,2,1,32,14,31,18,33,64,57,20,101,48,36,9,89,19,21,41,7,4,46,26,12,43,24,58,8,35,55,34,45,132,110,75,87,37,0,52,6,22,3,49,16,72,104,13,77,17,65,30,27,47,29,42,28,10,44,5,11,50,23,25,38,54,15,99,74,91
91,59,2,1,32,31,14,18,33,64,57,20,101,48,36,9,89,19,21,41,7,4,46,26,12,43,24,58,8,35,55,34,45,132,110,0,87,37,75,52,6,22,3,29,47,27,30,65,17,77,13,104,66,16,49,42,28,10,44,5,11,50,23,25,38,54,15,99,74,91
91,74,1,32,14,33,18,31,64,57,20,2,59,15,36,112,9,89,19,41,21,7,46,26,4,63,12,43,58,24,8,55,51,34,67,35,22,29,6,37,87,0,52,30,27,66,105,65,13,17,3,72,16,49,42,28,10,44,39,11,50,5,38,23,68,25,40,118,91
91,74,99,36,9,112,15,38,19,21,41,115,7,93,4,26,46,63,12,43,126,24,58,8,35,22,29,6,52,37,45,0,60,30,47,27,3,66,13,17,65,105,16,92,49,42,28,10,39,44,5,11,50,23,68,25,54,40,71,1,31,18,81,33,14,32,57,20,101,2,91
91,74,99,15,112,9,36,38,21,19,41,115,7,93,4,26,46,63,12,126,43,24,58,8,35,22,29,6,52,37,45,0,60,30,47,27,3,66,65,17,13,72,16,92,49,28,42,10,44,39,5,11,50,23,68,25,54,40,71,114,31,18,33,97,14,32,1,20,59,2,91
91,74,99,15,112,9,36,38,21,19,41,115,7,93,4,26,46,63,12,126,43,24,58,8,35,22,29,6,52,37,45,0,60,30,47,27,3,66,65,17,13,72,16,92,49,42,28,10,44,39,11,5,50,23,68,25,54,40,71,113,31,18,33,97,14,32,1,59,20,2,91
91,74,99,15,36,9,112,38,21,19,41,115,7,117,4,26,46,63,12,126,43,24,58,8,35,22,29,6,52,37,45,0,60,30,65,17,13,66,3,27,47,72,16,92,49,42,28,10,44,39,5,11,50,23,68,25,54,40,71,1,84,32,14,33,18,31,20,59,127,2,113,91
91,74,71,40,54,25,68,23,50,5,11,39,44,10,42,28,49,16,92,72,3,47,27,66,13,17,65,30,60,0,45,37,52,6,29,22,35,24,8,58,43,126,12,63,46,26,117,4,7,100,41,19,21,38,89,9,36,15,99,20,59,2,113,1,31,18,33,14,32,84,91
91,40,119,25,23,76,50,11,5,39,44,10,28,49,16,92,3,6,37,87,52,75,45,0,60,30,65,17,13,105,27,47,29,22,35,55,34,67,8,58,24,43,12,26,46,4,7,21,41,19,38,9,48,36,15,99,74,1,32,97,14,33,18,31,57,20,59,2,127,91
91,2,59,127,113,1,32,97,81,18,14,31,33,64,57,20,48,36,86,9,15,25,68,23,56,50,11,85,5,39,44,10,42,28,49,16,72,3,13,77,17,65,27,30,107,52,0,135,37,87,6,47,29,22,35,8,24,43,12,63,4,26,46,7,115,41,21,19,38,54,40,91
91,2,59,127,113,1,32,97,14,18,81,31,33,64,57,20,48,36,86,9,15,25,68,23,56,50,11,85,5,39,44,10,42,28,49,16,72,3,13,77,17,65,27,30,107,52,0,135,37,87,6,47,29,22,35,8,24,43,12,63,4,26,46,7,115,41,21,19,38,54,40,74,91
91,74,15,36,9,38,19,41,21,7,4,46,26,63,12,43,24,58,8,6,22,29,47,3,49,16,66,13,77,17,27,30,52,75,0,37,45,34,55,35,42,28,10,44,39,5,85,11,50,76,23,68,25,54,40,1,32,14,97,31,81,18,33,64,57,20,2,59,91
91,74,15,36,9,38,19,41,21,7,4,46,26,63,12,43,24,58,8,6,22,29,47,3,49,16,66,13,77,17,27,30,52,37,75,0,45,34,55,35,42,28,10,44,39,5,85,11,50,76,23,68,25,54,40,1,32,14,97,31,81,18,33,64,57,20,2,59,127,91
91,2,59,101,20,57,64,33,18,31,14,81,97,84,32,1,40,25,23,76,50,5,85,11,39,10,44,49,42,28,92,16,13,17,65,30,60,0,87,37,52,6,47,27,3,29,22,55,34,67,35,8,24,58,43,12,46,26,63,4,7,100,21,41,19,38,9,89,36,15,74,91
91,59,20,101,57,64,33,81,18,14,97,84,32,31,1,2,15,36,89,9,38,19,41,21,7,100,46,26,4,63,12,43,58,24,8,35,67,55,34,22,29,3,6,37,75,52,0,60,30,47,27,17,13,66,16,92,49,28,44,42,10,39,5,85,11,50,76,23,25,40,74,91
91,1,32,84,14,97,31,18,81,33,64,57,101,20,2,59,40,118,25,23,76,50,5,85,11,39,10,44,42,28,49,92,16,13,17,65,27,47,30,60,37,0,87,52,6,3,29,34,55,67,35,22,8,58,24,12,43,46,83,26,4,115,7,21,41,19,38,89,9,36,138,15,74,91
91,1,84,32,14,97,81,18,31,33,64,57,101,20,59,2,40,118,25,23,76,50,5,85,11,39,10,44,42,28,49,92,16,13,17,65,27,47,30,60,37,87,0,52,29,3,6,34,55,67,22,35,8,24,58,12,43,63,26,46,4,100,7,21,41,19,38,89,9,138,36,15,99,91
91,1,84,32,14,97,81,18,31,33,64,57,101,20,2,59,40,54,25,23,76,50,5,85,11,39,44,10,42,28,49,92,16,13,17,73,27,47,30,60,107,37,0,52,3,29,6,34,55,67,22,35,8,58,24,12,43,63,46,26,4,100,7,21,41,19,38,9,36,112,138,15,74,91
91,1,84,32,14,97,81,18,31,33,64,57,101,20,2,59,40,54,25,23,76,50,11,85,5,39,44,10,42,28,49,92,16,13,17,73,27,47,30,60,103,37,0,52,3,29,6,34,55,67,22,35,8,58,24,12,43,63,46,26,4,100,7,21,41,19,38,9,36,112,138,15,74,91
91,74,15,9,36,112,89,38,19,21,41,7,100,46,26,4,63,12,43,58,24,8,35,22,34,67,55,6,29,3,75,37,0,103,60,30,47,27,105,17,13,16,92,49,28,42,10,44,39,5,11,85,50,76,23,25,54,40,2,59,20,101,57,64,33,81,18,14,97,31,32,84,1,114,113,91
91,113,1,84,32,14,81,33,18,31,59,2,20,48,86,36,112,9,38,19,21,41,7,100,46,26,83,117,4,63,12,43,24,58,8,35,55,34,45,79,60,0,87,37,52,47,30,6,29,108,22,3,27,77,17,13,66,72,16,49,28,42,10,44,39,5,50,11,23,25,40,15,74,91
91,113,1,84,32,14,81,33,18,31,59,2,20,48,86,36,112,9,38,19,21,41,7,100,46,83,26,117,4,63,12,43,24,58,8,35,55,34,45,79,0,75,87,37,52,30,47,3,22,108,29,6,27,66,13,17,77,16,72,49,28,42,10,44,39,5,50,11,23,25,40,15,99,74,91
91,2,59,20,57,64,33,31,18,14,32,1,71,40,54,25,119,23,50,11,85,5,39,44,10,42,28,49,16,13,65,17,30,27,3,29,6,37,107,52,60,0,79,45,51,62,34,55,67,22,98,108,35,8,24,58,43,12,63,26,46,4,100,7,41,21,19,38,9,36,15,99,74,91
91,74,99,15,36,9,38,19,41,21,7,100,4,26,46,63,12,43,58,24,8,35,22,67,108,98,55,62,51,34,45,0,60,103,37,75,52,6,29,3,27,30,73,17,13,16,49,42,28,10,44,39,5,85,11,50,23,68,25,118,40,71,1,32,14,33,18,31,64,57,101,20,59,2,91
91,74,99,15,36,9,38,19,41,21,7,100,4,46,26,63,12,43,58,24,8,35,98,108,22,67,55,34,51,62,45,60,103,0,37,75,52,6,29,3,27,30,73,17,13,16,49,28,42,10,44,39,5,50,85,11,23,68,25,118,40,71,1,32,14,33,18,31,64,57,20,101,59,2,127,91
91,74,99,15,9,36,38,19,41,21,7,100,4,26,46,63,12,43,58,24,8,67,98,108,22,35,55,34,51,62,45,75,37,0,60,103,52,6,29,3,27,30,17,65,13,16,49,28,42,10,44,39,5,85,11,50,23,68,25,119,40,71,1,32,14,33,18,31,64,57,20,101,59,2,127,91
91,15,36,9,19,21,41,7,4,83,26,46,12,43,58,24,8,62,51,34,55,67,35,22,108,98,29,6,52,37,75,87,0,60,30,17,13,66,105,27,3,16,72,49,28,42,10,44,39,85,5,38,50,11,23,25,54,40,71,1,84,32,97,14,31,81,18,33,64,57,101,20,59,2,74,91
91,127,2,59,101,20,64,57,33,81,18,31,97,14,84,32,1,71,40,54,25,23,11,50,38,5,85,39,44,10,28,42,49,72,16,3,27,105,66,13,17,30,60,0,87,37,75,52,6,29,108,98,22,34,62,51,55,67,35,8,58,24,43,12,83,26,46,4,7,41,21,19,9,36,15,99,74,91
91,2,127,59,101,20,57,64,33,81,18,31,97,14,32,84,1,71,40,54,25,23,11,50,38,5,85,39,44,10,28,42,49,16,72,3,27,105,66,13,17,30,60,0,87,37,52,75,6,29,108,116,22,35,55,62,51,34,67,8,24,58,43,12,63,26,46,4,7,41,21,19,9,36,15,99,74,91
91,74,15,9,36,19,41,21,7,115,4,46,26,12,43,24,58,8,35,22,67,55,34,29,6,47,27,52,37,75,110,45,79,0,60,30,65,17,77,13,66,72,16,49,3,109,42,28,10,44,39,5,85,11,50,38,23,25,54,118,40,71,1,84,32,14,97,31,18,33,88,64,57,20,59,2,91
91,74,15,9,36,19,41,21,7,115,4,46,26,12,43,24,58,8,35,22,67,55,34,29,6,47,27,52,37,75,110,45,79,0,60,30,65,17,77,13,66,72,16,49,3,109,42,28,10,44,39,5,85,11,50,38,23,25,54,118,40,71,1,84,32,14,97,31,18,33,81,64,57,20,59,2,91
91,15,36,9,19,41,21,100,7,46,26,4,12,43,24,58,8,35,67,55,34,22,29,27,47,6,37,75,135,52,110,45,0,60,30,65,17,104,13,66,16,92,49,3,94,42,28,10,44,39,11,85,50,5,38,23,68,25,54,40,71,1,84,32,97,14,81,33,18,31,64,57,20,59,2,74,91
91,2,59,20,57,64,31,14,81,33,18,97,84,32,1,71,40,54,25,68,23,38,50,11,85,5,39,44,10,28,42,94,3,49,92,16,66,13,77,17,73,30,60,103,0,111,79,45,37,52,27,47,6,29,22,34,55,67,35,8,24,58,43,12,26,46,4,115,7,21,41,19,9,36,15,74,91
91,2,59,20,57,64,31,14,81,33,18,97,84,32,1,71,40,54,25,68,23,38,50,11,85,5,39,44,10,28,42,94,3,49,92,16,66,13,77,17,73,30,60,103,0,79,128,45,37,52,6,47,27,29,22,67,34,55,35,8,58,24,43,12,46,26,4,100,7,21,41,19,9,36,15,74,91
91,2,59,20,57,64,33,18,31,97,14,81,32,84,1,71,40,54,25,68,23,38,50,11,85,5,39,44,10,28,42,109,3,49,92,16,66,13,77,17,73,30,60,103,0,87,45,79,37,52,6,27,47,29,22,34,55,67,35,8,24,58,43,12,4,26,46,100,7,21,41,19,9,36,15,74,91
91,74,15,36,9,19,21,41,100,7,46,26,4,12,43,24,58,8,55,34,67,35,22,29,6,47,27,52,37,87,45,79,0,103,60,30,73,17,104,13,66,3,16,92,49,28,42,124,10,44,39,5,85,11,50,38,23,68,25,54,40,71,1,84,32,14,97,31,18,81,33,64,57,20,59,2,113,91
91,40,54,25,68,23,76,50,5,11,85,39,44,10,28,109,42,49,16,72,66,13,77,17,65,30,123,60,0,79,45,75,37,52,6,47,27,3,29,22,35,55,34,67,8,24,58,43,12,63,4,46,26,7,41,21,19,36,9,15,59,2,127,20,101,57,64,33,18,81,14,97,31,32,84,1,99,74,91
91,40,54,25,68,23,76,50,11,85,5,39,44,10,28,42,124,49,16,72,66,13,77,17,65,30,60,123,0,79,45,87,37,52,6,47,27,3,29,22,35,34,55,67,8,24,58,43,12,63,4,46,26,41,7,21,19,9,36,15,99,59,2,20,101,57,64,33,18,81,31,97,14,32,84,1,71,74,91
91,71,1,32,84,14,97,31,18,81,33,64,57,101,20,59,2,74,15,36,9,19,21,41,7,46,26,4,63,12,43,58,24,8,35,55,34,67,22,29,3,27,47,6,52,87,37,79,45,0,103,60,30,65,17,77,13,66,72,16,49,28,42,109,10,44,39,5,11,85,50,76,23,68,25,54,40,99,91
91,74,59,2,20,57,64,33,18,31,97,14,84,32,1,71,40,54,25,68,23,76,50,11,85,5,39,44,10,28,42,49,16,72,3,22,29,6,47,27,66,13,104,17,65,30,60,103,0,37,75,52,110,45,51,62,34,55,35,8,58,24,43,12,63,4,26,46,7,21,41,19,112,86,36,9,15,99,91
91,74,15,86,36,112,9,19,21,41,7,4,46,26,63,12,43,58,24,8,35,55,34,62,51,45,75,37,87,52,0,103,60,30,65,77,17,13,66,47,27,6,22,29,3,49,16,92,28,42,10,44,39,5,85,11,50,76,23,68,25,54,40,71,1,84,32,14,97,31,18,33,64,57,20,59,2,113,91
91,1,84,32,14,97,31,81,18,33,64,57,20,48,86,112,36,9,89,19,41,21,7,100,115,4,46,26,63,12,43,24,58,8,35,67,55,34,22,29,6,52,75,37,87,0,128,45,79,103,60,30,27,47,65,17,77,13,66,3,49,92,16,42,28,10,44,39,5,11,50,23,68,25,40,15,74,2,59,99,91
91,74,15,40,54,25,23,50,11,39,5,44,10,28,42,16,92,49,3,66,13,104,17,65,27,47,30,111,103,60,0,45,37,110,75,52,107,6,29,22,67,55,34,35,8,24,58,43,12,63,26,46,4,7,115,100,41,21,19,9,89,112,36,86,48,20,101,57,64,31,18,33,81,14,97,32,84,1,2,59,127,91
91,74,59,2,1,32,84,97,14,33,81,18,31,64,57,20,101,48,86,36,112,9,89,19,21,41,7,100,115,4,46,26,63,12,43,58,24,8,35,67,34,55,22,29,6,130,75,45,110,37,52,111,60,0,103,30,47,27,65,17,104,13,66,3,16,92,49,42,28,10,44,5,39,11,50,23,25,54,40,15,99,91
91,74,15,40,54,25,23,50,5,11,39,10,44,42,28,49,16,72,3,105,66,13,17,77,27,47,30,60,111,0,87,103,107,52,110,45,37,6,29,22,34,55,67,35,8,24,58,43,12,63,46,26,4,115,100,7,41,21,19,89,9,138,36,86,48,20,101,57,64,31,18,81,33,14,97,32,84,1,2,59,127,113,91
91,74,15,40,54,25,23,50,11,5,39,10,44,42,28,49,16,72,3,105,66,13,17,65,27,47,30,60,111,0,87,103,107,52,110,45,37,6,29,22,34,55,67,35,8,24,58,43,12,63,26,46,4,115,7,100,41,21,19,89,9,138,36,86,48,20,101,57,64,31,18,81,33,97,14,32,84,1,2,59,127,113,91
91,2,59,20,57,64,31,81,33,18,14,32,84,1,71,40,25,68,23,50,11,5,39,44,10,28,42,94,3,49,16,92,72,66,13,17,77,65,73,30,27,47,6,52,75,37,60,103,0,79,45,34,55,67,35,29,22,8,24,58,43,12,63,83,26,4,46,100,7,41,21,19,38,9,112,138,36,15,74,91
91,74,99,15,9,36,86,138,38,19,21,41,115,7,100,4,26,46,63,12,43,24,58,8,35,22,29,6,55,34,45,75,37,87,79,0,60,103,52,47,30,73,17,65,104,13,105,27,3,72,16,92,49,28,109,42,10,44,39,5,11,85,50,23,25,40,71,1,84,32,14,33,18,81,31,64,57,101,20,59,2,127,91
91,40,25,68,23,76,50,5,11,39,44,10,28,42,109,49,16,92,72,3,66,13,77,17,104,65,30,60,52,47,27,29,6,75,37,0,79,128,45,34,55,67,22,35,8,24,58,43,12,63,83,26,46,4,7,115,41,21,19,38,89,36,138,112,9,15,59,127,2,20,101,57,64,18,81,33,14,97,31,32,1,113,91
91,1,32,14,97,31,18,81,33,64,57,101,20,2,127,59,15,9,36,138,112,89,38,19,41,21,7,115,4,46,26,83,63,12,43,24,58,8,35,22,67,55,34,45,79,128,0,37,75,6,29,27,47,52,60,30,65,104,17,77,13,66,3,72,92,16,49,124,42,28,10,44,39,11,5,50,76,23,68,25,40,74,91
91,1,32,14,97,18,33,81,31,64,57,101,20,2,127,59,15,112,36,138,9,89,38,19,21,41,7,100,4,46,26,117,63,12,43,58,24,8,35,22,67,55,34,45,128,79,0,37,75,6,29,27,47,52,60,30,73,65,17,77,13,66,3,72,92,16,49,42,109,28,10,44,39,11,5,50,76,23,68,25,40,74,91
91,113,1,84,32,14,18,31,81,33,64,57,20,101,59,2,127,15,36,112,138,9,89,38,19,21,41,100,7,117,26,46,4,63,12,43,58,24,8,22,35,67,55,34,132,45,37,87,0,111,60,30,73,17,104,65,13,66,27,47,52,6,29,3,72,16,92,49,28,94,42,10,44,39,5,11,50,76,23,68,25,40,74,91
91,113,1,84,32,14,33,81,18,31,64,57,20,101,59,2,127,99,40,25,68,23,76,50,11,5,39,44,10,42,94,28,49,92,16,72,3,29,6,52,47,27,66,13,104,17,65,73,30,60,111,0,87,37,79,45,34,55,67,22,35,8,24,58,43,12,63,46,26,117,4,100,7,41,21,19,38,89,9,112,138,36,15,91
91,113,1,84,32,14,33,81,18,31,64,57,20,101,59,2,127,99,40,25,68,23,76,50,11,5,39,44,10,42,109,28,49,92,16,72,3,29,6,52,47,27,66,13,104,17,65,73,30,60,111,0,87,37,79,45,34,55,67,22,35,8,24,58,43,12,63,46,26,83,4,100,7,41,21,19,38,89,112,138,9,36,15,91
91,113,1,84,32,14,31,18,81,33,64,57,101,20,2,59,127,99,112,138,36,9,89,38,19,21,41,7,100,4,83,26,46,63,12,43,58,24,8,35,22,67,55,34,45,79,87,37,0,103,60,30,73,65,17,104,13,66,27,47,52,6,29,3,72,16,92,49,28,109,42,10,44,39,5,11,50,76,23,68,25,40,15,91
91,113,1,84,32,14,31,18,81,33,64,57,101,20,2,59,127,99,112,138,36,9,89,38,19,21,41,7,100,4,46,26,83,63,12,43,58,24,8,35,22,67,55,34,45,79,87,37,0,103,60,30,73,65,17,104,13,66,27,47,52,6,29,3,72,16,92,49,28,109,42,10,44,39,5,11,50,76,23,68,25,40,15,74,91
91,113,1,84,32,14,97,31,18,81,33,88,64,57,20,59,2,48,86,36,112,9,89,19,41,21,7,100,4,46,26,83,63,12,43,58,24,8,35,55,34,51,62,45,79,87,37,75,110,0,52,107,60,30,17,65,13,66,72,16,49,3,27,47,6,29,22,42,28,131,10,44,5,85,11,50,23,68,25,54,40,15,99,74,91
91,113,1,84,32,14,97,31,81,18,33,88,57,64,20,59,2,48,86,36,112,9,89,19,21,41,7,100,4,46,26,83,63,12,43,24,58,8,35,55,34,51,62,45,79,87,37,75,110,52,107,0,60,30,65,17,13,66,72,16,49,3,27,47,6,29,22,94,42,28,10,44,5,85,11,50,23,68,25,54,40,15,99,74,91
91,74,99,15,36,86,138,9,38,19,41,21,100,7,83,26,46,4,63,12,43,58,24,8,35,67,55,34,51,62,45,87,52,75,37,0,103,60,30,65,17,77,13,66,16,92,49,3,27,47,6,29,108,22,42,28,10,44,39,5,85,11,50,23,25,54,40,71,1,32,14,31,18,81,33,88,64,57,20,59,2,127,91
91,74,99,15,36,86,138,9,38,19,41,21,100,7,4,46,26,83,63,12,43,24,58,8,35,67,55,34,62,51,45,87,52,75,37,0,103,60,30,65,17,77,13,66,16,92,49,3,27,47,6,29,108,22,42,28,10,44,39,5,85,11,50,23,25,54,40,71,1,32,14,31,18,81,33,88,64,57,20,59,2,114,91
91,74,99,15,36,86,112,9,38,19,21,41,100,7,4,46,26,83,63,12,43,24,58,8,35,67,55,34,51,62,45,75,52,47,27,3,49,92,16,66,13,77,17,65,30,60,103,0,87,37,6,29,98,22,42,28,10,44,39,5,85,11,50,23,25,54,40,71,1,32,14,31,18,81,33,88,64,57,20,59,2,113,91
91,74,99,15,40,118,54,25,68,23,50,11,85,5,39,44,10,42,28,49,92,16,72,3,29,6,47,27,13,17,73,30,123,60,0,52,75,37,87,45,62,51,34,55,67,22,98,35,8,58,24,43,12,63,46,83,26,4,7,100,21,41,19,89,112,9,36,86,48,59,2,20,57,64,33,81,18,31,97,14,84,32,1,113,91
91,74,15,40,54,25,68,23,76,50,5,85,11,39,44,10,42,28,49,92,16,66,13,77,17,65,30,60,0,79,45,75,37,52,47,27,3,6,29,22,108,34,62,51,55,67,35,8,58,24,43,12,63,83,26,46,4,7,115,41,21,19,89,9,112,36,86,48,20,101,57,64,31,18,81,33,14,97,32,1,114,59,2,91
91,74,15,40,54,25,68,23,76,50,5,85,11,39,44,10,42,28,49,92,16,66,13,77,17,65,30,60,0,79,45,75,37,52,47,27,3,6,29,22,108,34,62,51,55,67,35,8,58,24,43,12,63,83,26,46,4,7,115,41,21,19,89,9,112,36,86,48,20,101,57,64,31,18,81,33,14,97,32,1,114,59,2,113,91
91,74,15,40,54,25,68,23,76,50,11,85,5,39,44,10,42,28,49,92,16,66,13,77,17,65,30,60,0,79,45,75,37,52,47,27,3,29,6,22,98,34,62,51,55,67,35,8,24,58,43,12,63,83,26,46,4,115,7,21,41,19,89,9,112,36,86,48,20,101,57,64,33,81,18,14,97,31,32,1,114,2,59,127,91
91,74,15,112,36,9,89,38,19,21,41,100,7,115,4,26,117,46,63,12,43,58,24,8,35,67,55,34,51,62,45,79,0,37,87,107,52,60,30,73,17,104,13,66,16,49,3,27,47,6,29,22,42,28,10,44,39,11,5,85,50,76,23,68,25,54,40,71,1,84,32,14,97,81,33,18,31,64,57,101,20,59,2,113,91
91,74,15,36,112,9,89,38,19,21,41,100,7,115,4,46,117,26,63,12,43,58,24,8,35,67,55,62,51,34,45,79,0,87,37,75,52,60,30,73,17,104,13,66,16,49,3,27,47,6,29,22,42,28,10,44,39,11,5,85,50,76,23,68,25,54,40,71,1,32,84,97,14,81,33,18,31,64,57,20,101,59,2,127,91
91,74,15,36,112,9,89,38,19,21,41,7,100,115,4,46,117,26,63,12,43,58,24,8,35,67,55,62,51,34,45,79,0,87,37,75,52,60,30,73,17,104,13,66,16,49,3,27,47,6,29,22,42,28,10,44,39,11,85,5,50,76,23,68,25,54,40,71,1,32,84,97,14,81,33,18,31,64,57,20,101,59,2,113,91
91,74,15,36,112,9,89,38,19,21,41,100,115,7,4,46,117,26,63,12,43,58,24,8,35,67,55,51,62,34,45,79,0,87,75,37,52,60,30,73,17,65,13,66,16,49,3,27,47,6,29,22,42,28,10,44,39,11,85,5,50,76,23,68,25,54,40,71,1,84,32,97,14,81,33,18,31,64,57,20,101,59,2,91
91,74,15,36,112,9,89,38,19,21,41,7,115,100,4,46,117,26,63,12,43,58,24,8,35,67,55,51,62,34,45,79,0,87,75,37,52,60,30,73,17,65,13,66,16,49,3,27,47,6,29,22,42,28,10,44,39,11,85,5,50,76,23,68,25,54,40,71,1,84,32,97,14,31,18,81,33,64,57,20,101,59,2,127,91
91,74,99,15,36,138,112,89,9,38,19,21,41,7,100,115,4,46,117,26,63,43,12,58,24,8,35,67,55,62,51,34,45,37,75,52,87,0,103,60,30,65,17,77,13,66,16,49,3,27,47,6,29,22,42,28,10,44,39,85,5,11,50,76,23,68,25,54,40,71,1,84,32,14,97,31,18,81,33,64,57,20,59,2,127,91
91,74,99,15,36,112,138,9,89,38,19,41,21,7,115,100,46,26,83,4,63,12,43,58,24,8,35,67,55,34,51,62,45,75,52,87,37,0,103,60,30,73,17,77,13,66,16,49,3,27,47,6,29,22,42,28,10,44,39,11,5,85,50,76,23,68,25,54,40,71,1,84,32,97,14,31,81,18,33,64,57,20,59,2,127,91
91,2,59,20,57,64,31,33,81,18,14,97,32,84,1,71,40,54,25,68,23,76,50,11,5,85,39,44,10,28,42,22,29,6,47,27,3,49,16,66,13,77,17,73,30,60,103,0,37,87,52,75,45,62,51,34,55,67,35,8,58,24,43,12,63,83,26,46,4,115,100,7,21,41,19,38,89,112,36,86,9,15,99,74,91
91,2,59,20,57,64,31,18,33,81,14,97,32,84,1,71,40,54,25,68,23,76,50,5,11,85,39,44,10,28,42,22,29,6,47,27,3,49,16,66,13,77,17,65,30,60,103,0,52,75,37,87,45,62,51,34,55,67,35,8,24,58,43,12,63,83,26,46,4,7,115,100,41,21,19,38,89,9,36,112,86,15,99,74,91
91,74,99,15,40,25,119,68,23,76,50,11,5,39,44,10,42,28,49,16,72,3,66,13,77,17,65,27,47,30,0,79,87,37,75,52,6,29,22,98,34,62,51,55,67,35,8,58,24,43,12,63,83,26,46,4,100,7,41,21,19,38,54,9,89,112,36,86,48,101,20,57,64,33,18,81,31,97,14,32,84,1,114,2,59,127,91
91,74,99,15,40,118,25,68,23,76,50,11,5,39,44,10,42,28,49,16,72,3,66,13,77,17,65,27,47,30,0,79,87,37,75,52,6,29,22,98,34,62,51,55,67,35,8,58,24,43,12,63,83,26,46,4,100,7,21,41,19,38,54,9,89,112,36,86,48,101,20,57,64,31,18,33,81,14,97,32,84,1,114,2,127,59,91
91,74,99,15,40,118,25,68,23,76,50,5,11,39,44,10,42,28,49,16,72,3,66,13,77,17,65,27,47,30,0,79,87,37,75,52,6,29,22,98,34,62,51,55,67,35,8,58,24,43,12,63,83,26,46,4,7,100,41,21,19,38,54,9,89,112,36,86,48,20,101,57,64,33,18,81,31,97,14,32,84,1,113,2,59,127,91
91,74,15,40,118,54,25,68,23,50,11,85,5,39,44,10,42,28,49,16,72,3,47,27,65,13,77,17,73,30,60,0,87,37,52,75,6,29,22,98,34,62,51,55,67,35,8,58,24,43,12,63,4,83,26,46,100,7,41,21,19,38,89,9,112,36,86,48,101,20,57,64,33,81,18,31,97,14,32,84,1,114,113,2,59,127,91
91,74,15,40,118,54,25,68,23,50,11,85,5,39,44,10,42,28,49,16,72,3,66,13,77,17,65,27,47,30,60,111,0,37,75,52,6,29,22,98,34,62,51,55,67,35,8,24,58,43,12,63,83,26,46,4,100,7,41,21,19,38,9,112,138,36,86,48,20,101,57,64,33,18,81,31,97,14,84,32,1,113,114,2,127,59,99,91
91,74,99,15,40,118,54,25,68,23,50,11,5,85,39,44,10,42,28,49,16,72,3,27,65,13,77,17,73,30,60,0,87,37,75,52,47,6,29,22,98,34,62,51,55,67,35,8,24,58,43,12,63,83,26,46,4,100,7,41,21,19,38,89,9,112,36,86,48,20,101,57,64,31,18,81,33,97,14,32,84,1,114,2,59,127,91
91,74,99,15,40,118,54,25,68,23,50,11,85,5,39,44,10,42,28,49,16,72,3,27,66,13,77,17,65,30,60,0,87,110,37,52,47,6,29,22,98,34,62,51,55,67,35,8,58,24,43,12,63,83,26,46,4,100,7,41,21,19,38,89,9,112,36,86,48,101,20,57,64,31,81,18,33,97,14,32,84,1,113,114,2,59,127,91
91,74,99,15,40,118,54,25,68,23,50,11,85,5,39,44,10,42,28,49,16,72,3,27,66,13,77,17,65,30,60,0,87,37,75,52,47,6,29,22,98,34,62,51,55,67,35,8,24,58,43,12,63,83,26,46,4,100,7,41,21,19,38,89,9,112,36,86,48,101,20,57,64,31,33,18,81,97,14,32,84,1,113,114,2,59,127,91
91,74,99,15,48,86,36,112,9,89,38,19,41,21,7,4,46,117,26,83,63,12,43,58,24,8,35,67,55,51,62,34,98,22,29,6,52,37,87,0,111,60,30,47,27,65,17,77,13,66,3,72,16,49,28,42,10,44,39,5,85,11,50,23,68,119,25,54,40,71,1,32,84,14,97,31,18,81,33,64,57,101,20,59,2,114,113,91
91,74,99,15,48,86,36,112,9,89,38,19,21,41,7,4,46,117,26,83,63,12,43,58,24,8,35,67,55,51,62,34,98,22,29,6,52,75,37,87,0,60,30,47,27,65,17,77,13,66,3,16,92,49,28,42,10,44,39,11,5,50,76,23,68,25,119,54,40,71,1,84,32,97,14,33,81,18,31,64,57,20,101,59,127,2,113,91
91,74,99,15,40,54,25,68,23,76,50,11,85,5,39,44,10,42,28,49,16,72,3,66,13,77,17,65,27,47,30,60,0,87,37,75,52,6,29,22,98,55,51,62,34,67,35,8,58,24,43,12,63,4,83,26,46,100,7,41,21,19,38,9,112,36,86,48,20,101,57,64,88,33,81,18,31,14,97,32,84,1,113,114,2,59,127,91
91,74,99,15,48,86,36,89,9,38,19,21,41,100,7,4,46,26,83,63,12,43,24,58,8,35,67,55,51,62,34,98,22,29,6,52,75,37,0,60,30,47,27,65,17,77,13,66,3,72,16,92,49,28,42,10,44,39,5,85,11,50,76,23,68,25,119,54,40,71,1,84,32,14,97,31,18,81,33,88,64,57,20,59,2,127,91
91,74,15,99,48,86,36,112,9,38,19,21,41,7,100,4,46,26,83,63,12,43,58,24,8,35,67,55,51,62,34,98,22,29,6,52,37,87,0,60,30,47,27,65,17,77,13,66,3,72,16,92,49,28,42,10,44,39,5,85,11,50,76,23,68,119,25,54,40,71,1,84,32,14,97,31,18,81,33,88,64,57,20,59,127,2,113,91
91,74,15,99,48,86,36,138,112,9,54,38,19,21,41,7,100,4,46,26,83,63,12,43,24,58,8,35,67,55,62,51,34,98,22,29,6,52,37,87,0,60,30,47,27,65,17,77,13,66,3,72,16,92,49,28,42,10,44,39,5,85,11,50,76,23,68,25,118,40,71,1,84,32,14,97,31,18,81,33,88,64,57,20,59,127,2,113,91
91,74,99,15,48,86,36,138,112,9,54,38,19,21,41,100,7,4,46,26,83,63,12,43,58,24,8,35,67,55,51,62,34,98,22,29,6,52,37,87,0,60,30,47,27,65,17,77,13,66,3,72,16,92,49,28,42,10,44,39,5,85,11,50,76,23,68,25,118,40,71,1,84,32,97,14,31,81,18,33,88,64,57,20,59,2,114,113,91
91,74,15,99,48,86,36,138,112,9,89,38,19,21,41,7,100,4,46,26,83,63,12,43,24,58,8,35,67,55,51,62,34,98,22,29,6,52,37,0,103,60,30,47,27,65,17,77,13,66,105,3,72,16,49,28,42,10,44,39,5,85,11,50,76,23,68,25,54,40,71,1,84,32,97,14,31,18,81,33,88,64,57,101,20,59,2,113,91
91,74,99,15,48,86,36,138,112,9,89,38,19,21,41,7,100,4,46,26,83,63,12,43,24,58,8,35,67,55,51,62,34,98,22,29,6,52,37,0,103,60,30,47,27,65,17,77,104,13,66,3,72,16,49,28,42,10,44,39,5,85,11,50,76,23,68,25,54,40,71,1,84,32,97,14,31,18,81,33,88,64,57,101,20,59,2,113,91
91,74,99,15,48,86,36,138,112,9,89,38,19,21,41,7,100,4,46,26,83,63,12,43,24,58,8,35,67,55,51,62,34,98,22,29,6,52,75,37,0,60,30,47,27,65,17,77,104,13,66,3,72,16,49,28,42,10,44,39,5,85,11,50,76,23,68,25,54,40,71,1,84,32,14,97,31,18,81,33,88,64,57,101,20,59,2,127,91
91,74,99,15,48,86,36,138,112,9,89,38,19,21,41,7,100,4,46,26,83,63,12,43,24,58,8,35,67,55,51,62,34,98,22,29,6,52,37,87,0,60,30,47,27,65,104,17,77,13,66,3,72,16,49,28,42,10,44,39,11,85,5,50,76,23,68,25,54,40,71,1,84,32,14,97,31,18,81,33,88,64,57,101,20,59,2,113,91
91,74,99,15,48,86,36,112,9,89,38,19,21,41,7,100,4,46,26,83,63,12,43,24,58,8,35,67,55,51,62,34,98,22,29,6,52,37,87,0,60,30,47,27,65,17,77,13,66,3,72,16,92,49,28,42,10,44,39,11,85,5,50,76,23,68,25,54,40,71,1,84,32,14,97,31,81,18,33,88,64,57,101,20,59,127,2,113,91
91,74,99,15,48,86,36,112,9,89,38,19,21,41,7,100,4,46,26,83,63,12,43,24,58,8,35,67,55,51,62,34,98,22,29,6,52,37,87,0,60,30,47,27,65,17,77,13,66,3,72,16,92,49,28,42,10,44,39,5,85,11,50,76,23,68,25,54,40,71,1,84,32,14,97,31,18,81,33,88,64,57,101,20,59,2,114,113,91