91,74,99,15,40,54,25,23,76,50,11,85,5,39,44,10,42,28,49,16,13,17,30,47,27,3,29,6,37,0,45,34,51,55,22,35,8,58,24,43,12,63,26,46,4,7,41,21,19,38,89,9,36,86,48,59,2,20,57,64,33,81,18,14,97,32,84,31,114,1,71,113,91
91,113,114,2,127,59,101,20,57,64,88,33,18,81,31,14,97,32,84,1,71,40,54,25,23,50,11,5,39,44,10,42,28,49,16,13,65,17,30,47,27,3,29,22,6,37,0,45,34,55,35,8,24,58,43,12,63,26,46,4,7,41,21,19,38,89,9,112,138,36,86,48,15,99,74,91
91,74,99,15,48,86,36,112,9,89,38,19,21,41,7,4,46,26,63,12,43,24,58,8,35,22,34,45,37,0,52,6,29,3,27,47,30,65,17,13,16,49,42,28,10,44,39,5,11,50,56,23,68,25,54,40,71,1,84,32,14,97,31,18,81,33,64,57,20,101,59,127,2,114,113,91
91,74,99,15,9,112,86,48,36,89,19,41,21,7,26,46,4,12,43,24,58,8,35,22,55,34,45,0,37,52,30,17,13,27,47,6,29,3,16,49,28,42,10,44,39,5,85,11,50,38,23,68,25,54,40,71,1,84,32,97,14,33,81,18,31,64,57,101,20,59,127,2,114,113,91
91,74,99,15,40,54,25,23,50,11,5,39,44,10,42,28,49,16,13,17,30,47,27,3,29,6,52,37,0,45,34,55,22,35,8,24,58,43,12,4,26,46,7,41,21,19,38,89,9,112,36,86,48,127,2,59,101,20,57,64,88,33,18,81,14,97,32,84,31,114,1,71,113,91
91,74,99,15,40,54,25,68,23,50,11,5,39,44,10,28,42,49,16,13,17,65,30,47,27,3,29,6,52,0,37,45,34,55,67,22,35,8,58,24,43,12,26,46,4,7,41,21,19,38,89,9,36,86,48,59,2,127,20,101,57,64,88,33,81,18,31,97,14,32,84,1,71,113,91
91,113,114,2,127,59,101,20,57,64,88,33,81,18,31,97,14,32,84,1,71,40,54,25,23,38,5,50,11,69,39,44,10,42,28,49,16,13,17,30,47,27,3,29,6,37,0,45,34,55,22,35,8,58,24,43,12,4,26,46,7,41,21,19,89,9,112,36,48,86,15,99,74,91
91,74,99,15,48,86,36,112,9,89,38,19,21,41,7,4,46,26,83,63,12,43,24,8,35,22,6,47,30,60,0,52,37,45,34,29,3,27,65,17,13,16,49,42,28,10,44,39,5,11,50,23,25,54,40,71,1,84,32,97,14,31,18,81,33,64,57,101,20,59,127,2,114,113,91
91,113,114,2,127,59,20,101,57,64,88,33,18,81,31,97,14,32,84,1,71,40,54,25,23,50,11,5,39,44,10,42,28,49,16,13,17,30,47,27,3,29,6,37,0,45,34,51,22,35,8,58,24,43,12,4,26,46,7,21,41,19,38,89,9,112,36,86,48,15,99,74,91
91,74,99,15,40,54,119,25,68,23,76,50,11,5,39,44,10,28,42,22,29,6,47,27,3,49,16,66,13,17,65,30,52,37,0,45,34,55,35,8,58,24,43,12,63,83,26,46,4,7,41,21,19,38,9,89,36,86,48,59,127,2,20,101,57,64,31,18,33,81,14,97,32,84,114,113,1,71,91
91,113,114,2,127,59,20,101,57,64,31,18,33,81,97,14,32,84,1,71,40,54,25,23,50,5,11,69,39,44,10,42,28,49,16,13,17,30,47,27,3,29,6,52,0,37,45,34,22,35,8,24,43,12,63,26,46,4,7,41,21,19,38,9,36,112,89,86,48,15,99,74,91
91,74,99,15,48,86,36,112,9,89,38,19,21,41,7,4,46,26,12,43,24,8,35,55,34,45,52,37,0,60,30,65,17,13,66,16,49,3,27,47,6,29,22,42,28,10,44,39,5,11,50,23,68,25,54,40,71,1,114,84,32,97,14,33,81,18,31,64,57,20,101,59,127,2,113,91
91,113,2,127,59,101,20,57,64,33,18,81,97,14,32,84,31,114,1,71,40,54,25,23,50,11,5,39,44,10,42,28,49,16,13,17,65,27,3,29,6,47,30,52,0,37,45,34,22,35,8,58,24,43,12,63,83,26,46,4,93,7,41,21,19,38,89,9,112,138,36,86,48,15,99,74,91
91,74,99,15,48,86,36,112,138,89,9,38,19,21,41,7,4,46,26,63,12,43,24,8,35,55,34,22,29,6,52,37,0,60,30,17,13,27,47,3,16,49,42,28,10,44,39,5,11,50,56,23,68,25,54,40,71,1,84,32,14,97,31,18,81,33,88,64,57,101,20,59,127,2,114,113,91
91,74,99,15,36,48,86,89,9,38,19,21,41,7,4,46,26,83,63,12,43,24,58,8,35,22,34,45,0,37,6,29,3,27,47,30,65,17,13,66,16,49,42,28,10,44,39,11,5,50,23,68,25,118,54,40,71,1,84,32,97,14,31,81,18,33,64,57,101,20,59,127,2,114,113,91
91,74,99,15,40,54,25,68,23,50,11,5,39,44,10,42,28,49,16,13,17,65,30,60,0,45,37,52,6,47,27,3,29,22,34,55,67,35,8,58,24,43,12,63,26,46,4,7,41,21,19,38,89,9,36,86,48,59,127,2,20,101,57,64,33,18,81,31,97,14,32,84,1,114,113,71,91
91,74,99,15,48,86,36,89,9,38,19,21,41,7,46,26,4,12,43,58,24,8,42,35,22,34,45,0,37,6,29,3,27,47,30,17,13,16,49,28,10,44,39,69,11,85,5,50,23,68,25,54,40,71,1,84,32,97,14,31,81,18,33,88,64,57,101,20,59,127,2,114,113,91
91,74,15,99,48,86,36,138,112,9,89,38,19,21,41,7,4,46,26,63,12,43,24,58,8,35,34,45,37,0,52,6,47,27,30,65,17,13,16,49,3,29,22,42,28,10,44,39,5,11,50,23,68,25,118,54,40,71,1,84,32,97,14,81,33,18,31,64,57,101,20,59,127,2,114,113,91
91,74,99,15,40,54,25,68,23,50,5,11,39,44,10,42,28,49,16,66,13,17,65,73,30,47,27,3,29,6,52,37,0,45,34,22,35,8,24,43,12,63,26,46,4,7,21,41,19,38,89,9,112,36,86,48,59,127,2,20,101,57,64,88,33,18,81,14,97,32,84,31,114,1,71,113,91
91,74,99,15,86,48,36,112,9,89,38,19,41,21,7,4,46,26,63,12,43,24,58,8,35,22,34,45,37,52,0,60,30,65,17,13,27,47,6,29,3,16,49,28,42,10,44,39,11,5,50,23,68,25,54,118,40,71,1,84,32,14,97,33,18,81,31,64,57,101,20,59,127,2,114,113,91
91,74,99,15,48,86,36,9,89,19,21,41,7,26,46,4,12,43,24,58,8,35,55,34,45,0,37,52,30,17,13,16,49,3,27,47,6,29,22,42,28,10,44,39,85,11,50,5,38,76,23,68,25,54,40,71,1,114,31,84,32,97,14,81,18,33,64,57,101,20,59,2,127,113,91
91,113,114,2,127,59,20,101,57,64,33,18,81,31,97,14,32,84,1,71,40,25,68,23,50,11,5,39,44,10,42,28,49,16,3,47,27,13,17,30,60,0,37,52,6,29,22,34,55,35,8,58,24,43,12,63,26,46,4,7,21,41,78,70,19,38,54,15,9,89,36,86,48,99,74,91
91,74,99,15,40,54,25,68,23,76,50,11,5,39,44,10,28,42,22,29,6,47,27,3,16,13,17,30,52,37,0,45,34,55,35,8,58,24,43,12,63,26,46,4,7,41,21,19,38,89,9,112,36,86,48,59,127,2,20,101,57,64,88,33,18,81,14,97,32,84,31,114,71,1,113,91
91,74,15,99,48,86,112,138,36,9,89,19,41,21,7,4,46,26,63,12,43,58,24,8,35,67,55,34,22,29,3,27,47,6,52,37,45,0,60,30,17,13,16,49,28,42,10,44,39,5,11,50,38,76,23,68,25,40,71,1,84,32,14,97,18,33,81,31,64,57,101,20,59,127,2,114,113,91
91,74,99,15,40,54,25,68,23,38,50,11,85,5,39,44,10,42,28,49,16,3,29,6,47,27,13,17,30,52,37,0,45,34,55,67,22,35,8,58,24,43,12,63,26,46,4,7,41,21,19,89,9,36,86,48,59,2,127,20,101,57,64,33,81,18,31,97,14,84,32,1,71,113,91
91,74,99,15,40,54,25,68,23,50,11,5,39,44,10,42,28,49,16,72,66,13,17,65,30,47,27,3,29,6,52,0,37,45,34,22,35,8,24,43,12,4,26,46,7,21,41,19,38,9,89,36,86,48,59,127,2,101,20,57,64,33,81,18,31,14,97,32,84,1,71,114,113,91
91,113,114,2,127,59,20,101,57,64,31,18,81,33,14,97,32,84,1,71,40,118,54,119,25,68,23,50,11,5,39,44,10,42,28,49,16,13,17,30,47,27,3,29,6,37,0,45,34,55,22,35,8,24,58,43,12,63,83,26,4,46,7,21,41,19,38,89,112,9,36,86,48,15,99,74,91
91,74,99,15,40,118,54,119,25,68,23,50,11,85,5,39,44,10,42,28,49,16,13,17,65,30,60,0,37,52,6,47,27,3,29,22,34,62,51,55,67,35,8,58,24,43,12,63,26,46,4,7,21,41,19,38,89,9,36,86,48,59,2,20,101,57,64,33,81,18,31,97,14,32,84,1,71,113,91
91,113,114,2,127,59,20,101,57,64,33,18,81,31,97,14,32,84,1,71,40,54,25,23,68,50,5,11,39,44,10,42,28,49,16,3,13,17,65,30,27,47,52,37,0,45,34,6,29,22,35,8,58,24,43,12,63,46,26,4,7,21,41,19,38,89,9,112,36,86,48,99,15,74,91
91,74,99,15,48,86,36,138,112,9,89,38,19,21,41,7,4,46,26,12,43,24,58,8,35,67,55,34,45,37,0,30,65,17,13,27,47,6,22,29,3,16,49,28,42,10,44,39,5,50,11,76,23,68,25,54,40,71,1,114,31,84,32,97,14,81,18,33,64,57,101,20,59,127,2,113,91
91,74,99,15,40,54,25,68,23,50,11,85,5,39,44,10,42,28,49,16,13,17,65,30,47,27,3,29,6,52,0,37,45,51,34,55,22,35,8,58,24,43,12,4,26,46,7,41,21,19,38,9,36,86,48,59,127,2,20,101,57,64,31,18,33,81,97,14,32,84,1,71,113,91
91,113,114,2,127,59,20,101,57,64,88,33,81,18,31,14,97,32,84,1,71,40,54,25,23,50,11,5,39,44,10,42,28,49,16,13,17,65,30,47,27,3,29,6,37,0,45,34,51,22,35,8,24,43,12,63,26,46,4,7,41,21,19,38,9,89,112,36,86,48,15,99,74,91
91,74,99,15,40,54,25,68,23,50,11,5,39,44,10,42,28,49,16,13,17,30,47,27,3,29,6,52,37,0,45,34,55,22,35,8,24,58,43,12,4,46,26,7,41,21,19,38,9,89,112,36,86,48,101,20,57,64,33,81,18,31,14,97,32,84,71,1,114,113,2,59,127,91
91,74,99,15,48,86,138,36,112,9,89,19,70,41,21,7,26,46,4,63,12,43,24,58,8,35,67,55,34,22,29,6,37,52,0,30,47,27,65,17,13,66,3,16,49,28,42,10,44,39,11,50,5,38,23,68,25,54,40,71,1,84,32,14,97,31,18,81,33,64,57,101,20,59,127,2,114,113,91
91,74,99,15,48,86,36,9,89,38,19,41,21,7,4,46,26,63,12,43,24,58,8,35,55,34,45,0,37,52,6,47,27,30,17,13,16,49,3,29,22,42,28,10,44,39,69,11,5,50,23,25,54,40,71,1,113,114,31,84,32,97,14,81,18,33,88,64,57,101,20,59,127,2,91
91,74,99,15,48,86,36,112,89,9,38,19,21,41,7,4,46,26,83,63,12,43,58,24,8,35,67,55,34,45,0,37,6,47,27,30,17,13,66,16,49,3,29,22,42,28,10,44,39,5,11,50,23,68,25,54,118,40,71,1,84,32,97,14,31,81,18,33,64,57,20,101,59,127,2,113,114,91
91,74,99,15,40,118,54,25,68,23,50,11,85,5,39,44,10,42,28,49,16,13,17,65,30,47,27,3,29,6,52,37,0,45,34,22,35,8,58,24,12,43,26,46,4,7,41,21,19,38,89,9,112,36,86,48,20,101,57,64,88,33,81,18,31,14,97,32,84,1,71,113,114,2,59,127,91
91,74,99,15,48,86,36,112,9,89,38,19,21,41,7,4,46,26,12,43,24,8,55,34,45,37,52,0,60,30,17,13,16,49,3,27,47,6,29,22,35,42,28,10,44,39,5,11,50,23,25,54,40,71,1,84,32,97,14,33,18,81,31,64,57,20,101,59,2,127,114,113,91
91,113,114,2,127,59,20,101,57,64,33,18,81,31,97,14,32,84,1,71,40,54,25,68,23,50,5,11,69,39,44,10,42,28,49,16,13,17,30,47,27,3,29,6,37,52,0,45,34,55,22,35,8,24,43,12,26,46,4,7,41,21,19,38,89,9,112,36,48,86,15,99,74,91
91,74,99,15,48,86,36,112,9,89,19,41,21,7,4,46,26,12,43,24,58,8,35,22,34,45,0,37,52,6,29,3,27,47,30,65,17,13,66,16,49,28,42,10,44,39,69,11,5,50,38,68,23,25,40,71,1,84,32,14,97,31,81,18,33,64,57,101,20,59,127,2,114,113,91
91,74,15,99,48,86,36,112,9,89,38,19,21,41,7,4,26,46,63,12,43,24,58,8,35,55,34,45,0,37,52,30,17,13,16,3,27,47,6,29,22,42,28,10,44,39,5,50,11,56,23,25,54,40,71,1,84,32,97,14,18,33,81,31,64,57,101,20,59,127,2,114,113,91
91,74,15,99,48,86,36,138,112,9,89,38,19,21,41,7,46,26,4,12,43,58,24,8,35,22,29,6,34,45,37,0,30,47,27,13,17,61,16,3,49,28,42,10,44,39,5,11,50,23,68,25,54,118,40,71,1,84,32,97,14,81,33,18,31,64,57,101,20,59,127,2,114,113,91
91,113,114,2,127,59,20,101,57,64,33,81,18,31,14,97,32,84,1,71,40,54,25,68,23,50,5,85,11,39,44,10,28,49,16,3,13,17,65,27,47,30,60,0,45,37,52,6,29,22,34,51,55,67,35,8,58,24,43,12,63,26,46,4,7,41,21,19,38,9,89,36,86,48,15,99,74,91
91,74,99,15,48,86,9,112,138,36,89,38,19,41,21,7,4,46,26,63,12,43,24,58,8,22,35,67,55,34,45,0,37,52,6,29,3,27,47,30,17,13,16,49,28,42,10,44,39,5,50,11,23,68,25,54,40,71,1,84,32,97,14,81,33,18,31,64,57,101,20,59,127,2,114,113,91
91,74,99,15,40,54,25,68,23,50,11,5,39,44,10,42,28,49,16,66,13,17,65,30,47,27,3,29,6,52,0,37,45,34,22,35,8,58,24,43,12,63,26,46,4,7,41,21,19,38,9,89,112,138,36,86,48,59,127,2,20,101,57,64,88,33,81,18,31,14,97,32,84,1,71,113,114,91
91,74,99,15,40,54,25,68,23,38,5,50,11,39,44,10,42,28,49,16,3,66,13,17,65,27,47,30,60,0,37,52,6,29,22,34,55,35,8,58,24,43,12,63,26,46,4,7,21,41,70,19,89,9,36,86,48,101,20,57,64,31,18,33,81,14,84,32,1,71,113,114,2,59,127,91
91,113,114,2,127,59,20,101,57,64,33,18,81,31,14,97,32,84,1,71,40,54,25,68,23,76,50,85,11,5,39,44,10,42,28,49,16,72,3,66,13,17,65,30,27,47,29,6,52,0,37,45,34,55,22,35,8,58,24,43,12,63,26,46,4,7,41,21,19,38,89,9,112,138,36,86,48,15,99,74,91
91,74,99,15,48,86,36,138,112,9,89,19,21,41,7,4,46,26,12,43,24,58,8,35,34,45,0,37,52,30,17,13,16,49,3,27,47,6,29,22,42,28,10,44,39,11,50,5,38,23,25,54,40,71,1,114,113,84,32,14,97,31,18,81,33,88,64,57,101,20,59,2,127,91
91,113,114,2,127,59,101,20,57,64,33,81,18,31,97,14,84,32,1,71,40,54,25,23,56,50,11,5,39,44,10,28,42,22,29,6,47,27,3,49,16,13,17,30,0,37,45,34,55,35,8,58,24,43,12,46,26,4,7,41,21,19,38,9,89,112,138,36,86,48,15,99,74,91
91,74,99,15,40,54,25,68,23,50,11,5,39,44,10,42,28,49,16,17,13,3,27,47,30,60,0,52,37,45,34,6,29,22,35,8,58,24,43,12,63,26,46,4,7,41,21,19,38,9,89,36,86,48,59,2,20,57,64,88,33,18,81,14,97,32,84,31,114,1,71,113,91
91,74,99,15,48,86,36,112,9,89,19,41,21,38,5,7,4,46,26,12,43,24,58,8,42,22,35,67,55,34,45,37,0,6,29,3,27,47,30,17,13,16,49,28,10,44,39,11,50,76,23,25,54,40,71,1,84,32,97,14,18,33,81,31,64,57,101,20,59,127,2,114,113,91
91,74,99,15,40,54,25,23,38,5,50,11,39,44,10,42,28,49,16,13,17,65,30,47,27,3,29,6,52,37,0,45,34,51,55,35,22,8,58,24,43,12,63,46,26,4,7,41,21,19,89,9,36,86,48,59,20,101,57,64,88,33,81,18,31,14,32,84,1,113,114,2,127,91
91,74,99,15,48,86,36,112,9,89,38,19,21,41,7,4,46,26,12,43,24,8,35,55,34,22,29,6,37,45,0,52,30,65,17,13,27,47,3,16,49,28,42,10,44,39,5,11,50,23,68,25,54,40,71,1,84,32,97,14,31,18,81,33,88,64,57,101,20,59,127,2,114,113,91
91,74,99,15,48,86,36,9,89,38,19,21,41,7,4,46,26,63,12,43,24,8,35,55,34,22,29,6,52,37,0,60,30,47,27,65,17,13,3,16,49,42,28,10,44,39,5,11,50,56,23,68,25,54,40,71,1,113,114,84,32,97,14,31,81,18,33,64,57,101,20,59,2,127,91
91,74,99,15,48,86,36,9,89,38,19,41,21,7,4,46,26,12,43,24,58,8,35,22,29,6,34,45,37,52,0,60,30,47,27,65,17,13,66,3,16,49,28,42,10,44,39,11,85,5,50,76,23,68,25,54,40,71,1,84,32,97,14,31,18,81,33,64,57,20,101,59,127,2,114,113,91
91,74,99,15,48,86,36,112,9,89,38,19,41,21,7,4,26,46,63,12,43,24,8,35,55,34,45,37,0,52,30,65,17,13,16,49,3,27,47,6,29,22,42,28,10,44,39,11,5,50,23,68,25,54,40,71,1,84,32,97,14,81,33,18,31,64,57,101,20,59,2,114,113,127,91
91,74,99,15,36,86,48,9,89,38,19,41,21,7,46,26,4,63,12,43,24,58,8,35,22,34,45,0,37,75,52,6,29,3,27,47,30,17,13,66,16,49,28,42,10,44,39,69,11,5,50,23,68,25,54,40,71,1,84,32,97,14,33,81,18,31,64,57,101,20,59,127,2,114,113,91
91,74,59,127,2,113,114,1,84,32,97,14,33,18,81,31,64,57,101,20,48,86,36,112,89,9,38,19,21,41,7,4,46,26,63,12,43,24,58,8,35,55,51,62,34,22,29,6,52,37,0,60,30,47,27,3,65,17,13,16,49,28,42,10,44,39,69,11,5,50,23,68,25,54,40,15,99,91
91,74,99,48,86,36,112,89,9,15,54,38,19,41,21,7,4,46,26,63,12,43,24,58,8,35,55,34,22,29,3,27,47,6,52,37,0,30,17,13,16,49,42,28,10,44,39,5,11,50,56,23,68,25,118,40,71,1,84,32,97,14,31,18,81,33,64,57,101,20,59,127,2,114,113,91
91,113,114,2,127,59,101,20,57,64,31,81,18,33,14,97,84,32,1,71,40,118,54,25,68,23,50,5,11,39,44,10,42,28,49,16,13,65,17,30,47,27,3,29,6,37,0,45,34,55,22,35,8,58,24,43,12,63,83,26,46,4,7,41,21,19,38,89,9,112,36,86,48,15,99,74,91
91,74,99,15,48,86,112,36,9,89,38,19,21,41,7,4,46,26,83,63,12,43,58,24,8,35,55,34,45,0,37,52,6,22,29,3,27,47,30,65,17,13,16,28,42,10,44,39,11,5,50,23,68,25,54,40,71,113,114,1,84,32,97,14,33,18,81,31,64,57,101,20,59,2,127,91
91,74,99,15,40,54,25,68,23,50,5,85,11,69,39,44,10,28,42,22,29,6,47,27,3,49,16,66,13,17,65,73,30,60,0,52,37,45,34,55,67,35,8,58,24,43,12,63,83,26,46,4,100,7,41,21,19,38,9,89,36,86,48,101,20,57,64,88,33,81,18,31,14,97,32,84,1,113,114,2,59,127,91
91,74,99,48,86,36,9,15,54,38,19,21,41,7,4,46,26,83,63,12,43,24,58,8,35,67,55,34,45,79,0,87,37,75,52,6,47,27,30,73,17,65,13,66,72,16,49,3,29,22,42,28,10,44,39,5,85,11,50,23,68,25,118,40,71,1,84,32,97,14,33,18,81,31,64,57,101,20,59,127,2,114,113,91
91,74,99,15,40,118,54,25,68,23,76,50,11,85,5,39,44,10,28,42,22,29,6,47,27,3,49,16,66,13,77,17,65,73,30,60,0,52,37,75,45,62,51,34,55,67,35,8,58,24,43,12,63,83,26,46,4,7,21,41,19,38,9,112,138,36,86,48,59,127,2,20,101,57,64,33,18,81,31,14,97,32,84,1,113,91
91,113,114,2,127,59,101,20,57,64,33,81,18,31,97,14,32,84,1,71,40,25,68,23,50,5,85,11,39,44,10,28,42,22,29,6,47,27,3,49,92,16,66,13,77,17,65,30,60,0,87,37,52,75,45,62,51,34,55,67,35,8,58,24,43,12,63,83,26,46,4,7,41,21,19,38,9,112,36,86,48,15,99,74,91
91,74,99,15,48,86,36,138,112,9,89,38,19,21,41,7,4,46,26,63,12,43,24,58,8,35,67,55,34,22,29,6,75,37,52,0,60,30,73,65,17,77,13,66,27,47,3,72,16,49,28,42,10,44,39,85,5,11,50,76,23,68,25,54,118,40,71,1,84,32,97,14,31,18,81,33,88,64,57,101,20,59,127,2,114,113,91
91,74,99,15,48,86,36,112,138,9,89,38,19,21,41,7,4,46,26,63,12,43,24,58,8,35,67,55,34,22,29,6,52,37,75,45,0,60,30,65,17,13,66,27,47,3,16,49,28,42,10,44,39,11,85,5,50,76,23,25,54,40,71,1,84,32,97,14,31,18,81,33,64,57,101,20,59,127,2,114,113,91
91,113,114,2,127,59,20,101,57,64,33,81,18,31,14,97,32,84,1,71,40,54,25,68,23,76,50,11,85,5,39,44,10,28,42,49,16,72,3,66,13,17,65,27,47,30,0,37,52,6,29,22,34,62,51,55,35,8,58,24,43,12,63,83,26,46,4,100,7,41,21,19,38,89,9,112,138,36,86,48,15,99,74,91
91,74,99,15,48,86,36,138,112,9,89,19,41,21,7,100,4,46,117,26,83,63,12,43,24,58,8,35,67,55,34,22,29,3,27,47,6,52,37,45,79,0,60,30,65,17,13,66,72,16,92,49,28,42,10,44,39,5,85,11,50,38,76,23,68,25,54,40,71,1,84,32,14,97,31,18,81,33,64,57,101,20,59,127,2,113,91
91,127,59,2,114,113,1,84,32,14,97,31,18,81,33,64,57,101,20,48,86,36,112,89,9,54,38,19,21,41,7,4,46,26,63,12,43,24,58,8,35,67,55,34,45,37,75,52,0,60,30,65,17,13,66,16,49,3,27,47,6,29,22,42,28,10,44,39,69,11,5,50,76,23,68,25,119,118,40,15,99,74,91
91,74,99,15,40,54,25,68,23,76,50,5,85,11,39,44,10,28,42,94,22,29,6,47,27,3,49,16,66,13,77,17,65,30,52,37,0,45,62,51,34,55,67,35,8,58,24,43,12,63,83,26,46,4,7,100,41,21,19,38,89,9,112,36,86,48,101,20,57,64,33,18,81,31,14,97,32,84,1,113,114,2,59,127,91
91,74,99,15,48,86,36,112,9,89,38,19,21,41,7,4,46,26,83,63,12,43,24,58,8,35,67,55,34,45,0,37,75,52,30,73,65,17,77,13,66,72,16,49,3,27,47,6,29,22,42,28,10,44,39,5,85,11,50,23,68,25,119,54,40,71,1,84,32,97,14,31,18,81,33,64,57,101,20,59,127,2,114,113,91
91,74,99,15,48,86,36,112,9,89,38,19,21,41,7,4,46,26,63,12,43,24,58,8,35,67,55,34,51,62,45,0,37,52,6,22,29,3,27,47,30,65,17,77,13,66,16,49,28,42,10,44,39,5,11,50,23,68,25,54,40,71,1,84,32,14,31,18,81,33,64,57,101,20,59,127,2,113,91
91,74,99,15,40,54,25,68,23,76,38,50,11,85,5,39,44,10,28,42,22,29,6,47,27,3,49,16,66,13,17,65,30,60,0,52,37,45,62,51,34,55,67,35,8,58,24,43,12,63,83,26,46,4,115,100,7,41,21,19,89,9,112,36,86,48,59,127,2,20,101,57,64,33,81,18,31,97,14,32,84,1,114,113,91
91,74,99,15,48,86,36,112,9,38,19,21,41,7,4,46,26,83,63,12,43,24,58,8,35,67,55,34,51,62,45,37,87,0,60,30,65,17,77,13,66,16,92,49,3,27,47,6,29,22,42,28,10,44,39,5,85,11,50,23,68,25,54,40,71,1,84,32,14,97,31,18,81,33,88,64,57,101,20,59,127,2,114,113,91
91,74,99,15,40,54,25,68,23,50,5,85,11,39,44,10,28,42,22,29,6,47,27,3,72,49,16,66,13,17,65,73,30,60,0,52,37,45,62,51,34,55,67,35,8,24,58,43,12,63,83,26,46,4,7,41,21,19,38,9,36,86,48,101,20,57,64,33,81,18,31,97,14,32,84,1,113,114,2,59,127,91
91,74,99,15,40,54,25,68,23,50,11,5,85,39,44,10,28,42,22,29,6,47,27,3,49,16,66,13,17,65,30,60,0,107,52,37,45,34,62,51,55,67,35,8,58,24,43,12,63,46,26,83,4,7,41,21,19,38,9,36,86,48,59,2,20,101,57,64,31,18,33,81,97,14,32,84,1,114,113,91
91,74,99,15,48,86,36,9,89,38,19,21,41,7,4,46,26,12,43,24,58,8,35,55,34,22,29,6,52,37,0,60,30,47,3,27,65,13,17,61,16,49,28,42,10,44,39,5,11,50,23,68,25,54,40,71,1,84,32,97,14,31,81,18,33,88,64,57,101,20,59,127,2,114,113,91
91,74,99,15,40,54,25,68,23,50,5,11,39,44,10,28,42,22,29,6,47,27,3,49,16,13,17,30,60,0,52,75,37,45,34,55,35,8,58,24,43,12,63,46,26,4,7,41,21,19,38,89,9,36,86,48,59,127,2,20,101,57,64,33,18,81,97,14,32,84,31,114,113,1,71,91
91,74,99,15,48,86,36,112,9,89,38,19,21,41,7,4,26,46,63,12,43,58,24,8,35,22,55,34,45,37,0,52,6,29,3,27,47,30,65,17,13,66,16,49,28,42,10,44,39,5,85,11,50,23,68,25,119,54,40,71,1,84,32,14,81,31,18,33,88,64,57,101,20,59,127,2,114,113,91
91,74,99,15,48,86,36,138,112,9,89,19,41,21,7,4,46,26,83,63,12,43,24,58,8,35,67,55,34,45,37,0,52,6,29,22,3,47,27,30,65,17,13,16,49,42,28,10,44,39,69,11,5,38,50,23,25,40,71,1,113,114,31,84,32,97,14,81,18,33,64,57,101,20,59,127,2,91
91,74,99,15,48,86,36,112,9,89,38,19,21,41,7,26,46,4,63,12,43,24,58,8,35,22,34,45,37,0,52,6,29,3,27,47,30,65,17,13,16,49,28,42,10,44,39,5,11,50,56,23,25,54,118,40,71,1,84,32,14,97,81,33,18,31,64,57,101,20,59,127,2,114,113,91
91,74,99,15,40,54,25,23,50,11,5,39,44,10,28,42,22,29,6,47,27,3,49,16,66,13,17,30,52,37,0,45,34,35,8,24,58,43,12,63,83,26,46,4,7,21,41,78,70,19,38,9,36,86,48,59,127,2,20,101,57,64,31,18,81,33,97,14,32,84,1,71,113,91
91,113,114,2,127,59,20,101,57,64,88,33,81,18,31,97,14,32,84,1,71,40,54,119,25,68,23,50,11,5,39,44,10,28,49,16,13,17,30,47,27,3,22,29,6,52,60,0,37,45,34,55,35,8,24,58,43,12,63,4,26,46,7,21,41,19,38,89,9,36,86,48,99,15,74,91
91,74,99,15,48,86,36,112,9,89,38,19,41,21,7,46,26,4,12,43,24,58,8,35,22,34,45,0,37,52,6,29,3,27,47,30,17,13,16,49,28,42,10,44,39,5,11,50,56,23,25,54,40,71,1,84,32,14,97,31,81,18,33,88,64,57,101,20,59,127,2,114,113,91
91,74,15,99,48,86,36,138,112,9,89,38,19,21,41,7,4,26,46,63,12,43,24,58,8,35,22,55,34,45,0,37,52,6,29,3,27,47,30,65,17,13,16,49,28,42,10,44,39,5,11,50,23,25,54,40,71,1,84,14,97,32,31,81,18,33,88,64,57,20,101,59,127,2,114,113,91
91,74,99,15,48,86,36,112,9,89,19,21,41,7,46,26,4,12,43,24,58,8,35,22,34,45,0,37,6,29,3,27,47,30,17,65,13,16,49,28,42,10,44,39,11,5,38,50,23,68,25,54,40,71,1,113,114,31,84,32,97,14,81,18,33,88,64,57,101,20,59,2,127,91
91,74,99,15,48,86,36,112,9,89,38,19,21,41,7,4,46,26,83,63,12,43,58,24,8,35,22,51,34,45,0,37,52,6,29,3,27,47,30,17,13,16,49,28,42,10,44,39,11,5,50,23,68,25,54,40,71,1,84,32,97,14,33,18,81,31,64,57,101,20,59,127,2,114,113,91
91,113,114,2,127,59,101,20,57,64,31,18,33,81,97,14,32,84,1,71,40,118,25,68,23,50,5,11,69,39,44,10,42,28,49,16,13,17,65,27,3,47,30,52,0,37,6,29,22,34,55,67,35,8,58,24,43,12,26,46,4,7,41,21,19,38,54,9,89,36,86,48,15,99,74,91
91,74,99,15,48,86,36,112,9,89,38,19,21,41,7,46,26,4,12,43,58,24,8,35,51,34,45,0,37,52,30,65,17,13,16,49,3,27,47,6,29,22,42,28,10,44,39,5,11,50,23,25,54,40,71,1,84,32,14,97,31,81,18,33,64,57,20,101,59,127,2,114,113,91
91,74,99,15,48,86,138,9,112,36,89,38,19,21,41,7,46,26,4,12,43,24,58,8,35,22,34,45,0,37,6,29,3,27,47,30,65,17,13,16,49,42,28,10,44,39,5,11,50,23,68,25,54,40,71,1,114,2,127,59,20,101,57,64,88,33,81,18,31,97,14,32,84,113,91
91,74,99,15,40,54,25,68,23,38,50,5,11,39,44,10,28,49,16,3,29,6,47,27,65,13,17,30,52,37,0,45,34,22,35,42,8,58,24,43,12,26,46,4,7,41,21,19,89,9,112,138,36,86,48,59,2,20,101,57,64,33,18,81,31,97,14,32,84,1,71,113,91
91,74,99,15,48,86,36,112,9,89,38,19,21,41,7,4,26,46,12,43,24,58,8,35,67,55,34,22,29,6,52,37,0,60,30,17,65,13,27,47,3,16,49,28,42,10,44,39,5,11,50,56,23,68,25,54,40,71,1,84,32,31,97,14,81,18,33,64,57,101,20,59,127,2,114,113,91
91,74,15,99,48,86,36,112,89,9,38,19,21,41,7,4,46,26,63,12,43,58,24,8,35,22,55,34,45,0,37,6,29,3,27,47,30,17,13,65,16,49,28,42,10,44,39,5,11,50,23,25,54,40,71,1,84,32,97,14,31,18,81,33,88,64,57,101,20,59,127,2,114,113,91
91,113,114,2,127,59,20,101,57,64,33,81,18,31,14,97,84,32,1,71,40,54,25,68,23,76,38,50,5,11,69,39,44,10,42,28,49,16,13,17,30,47,27,3,29,6,37,0,45,34,22,35,8,24,58,43,12,63,83,26,46,4,7,41,21,19,89,9,112,86,36,48,15,99,74,91
91,74,99,15,48,86,36,89,9,38,19,21,41,7,4,46,26,63,12,43,24,58,8,35,34,45,75,37,0,60,30,65,17,13,66,16,49,3,27,47,52,6,29,22,42,28,10,44,39,5,11,50,76,23,68,25,54,40,71,1,84,32,97,14,81,18,33,31,64,57,20,59,127,2,114,113,91
91,74,99,15,40,54,25,68,23,50,5,11,69,39,44,10,42,28,49,16,13,17,65,30,0,37,52,47,27,3,29,6,34,55,22,35,8,58,24,43,12,7,4,46,26,41,21,19,38,89,9,112,36,86,48,20,101,57,64,33,81,18,14,97,32,84,31,114,1,71,113,2,59,127,91
91,74,99,15,48,86,36,112,138,89,9,38,19,21,41,7,4,46,26,63,12,43,24,58,8,35,22,34,45,0,37,6,29,3,27,47,30,65,17,13,16,49,28,42,10,44,39,69,11,5,50,56,23,25,54,40,71,1,84,32,97,14,31,18,81,33,64,57,101,20,59,127,2,114,113,91
91,74,99,15,48,86,36,112,9,89,19,41,21,7,4,26,46,12,43,24,58,8,55,34,45,37,0,52,30,17,13,16,49,3,27,47,6,29,22,35,42,28,10,44,39,11,5,38,50,23,25,54,40,71,1,32,84,97,14,81,18,33,31,64,57,101,20,59,127,2,114,113,91
91,74,99,15,40,54,119,25,68,23,50,11,85,5,39,44,10,28,42,22,29,6,47,27,3,49,16,13,17,30,60,0,52,37,45,34,35,8,58,24,43,12,63,26,46,4,7,21,41,19,38,9,89,36,86,48,2,59,101,20,57,64,31,18,33,81,14,97,32,84,114,113,1,71,91
91,74,99,15,48,86,36,9,89,38,19,21,41,7,4,46,26,83,63,12,43,58,24,8,35,67,55,34,45,0,37,52,6,22,29,3,27,47,30,65,17,13,16,49,28,42,10,44,39,5,85,11,50,23,68,25,54,40,71,1,113,114,31,84,32,14,81,18,33,88,64,57,20,101,59,2,127,91
91,127,2,59,20,101,57,64,88,33,18,81,14,32,84,31,114,113,1,71,40,54,25,23,50,5,11,39,44,10,28,42,22,29,6,47,27,3,49,16,66,13,17,65,30,60,0,52,37,45,34,55,35,8,58,24,43,12,63,26,46,4,7,41,21,19,38,89,9,112,36,86,48,15,99,74,91
91,74,15,48,86,36,9,89,19,21,41,7,46,26,4,12,43,24,58,8,35,55,34,51,62,45,0,37,52,6,22,29,3,27,47,30,65,17,13,16,49,28,42,10,44,39,11,50,5,38,23,68,25,54,40,71,1,84,32,14,31,81,18,33,64,57,101,20,59,2,113,91
91,127,2,114,113,1,84,32,14,97,31,18,81,33,64,57,101,20,59,48,86,36,112,9,89,38,19,21,41,7,4,46,26,12,43,24,58,8,35,55,51,34,45,37,0,60,30,65,17,13,16,49,3,27,47,52,6,29,22,42,28,10,44,39,5,11,50,23,25,54,40,15,99,74,91
91,113,114,2,127,59,20,101,57,64,31,18,33,81,14,97,32,84,1,71,40,54,25,68,23,56,11,50,5,39,44,10,42,28,49,16,13,17,30,47,27,3,29,6,37,0,45,34,22,35,8,58,24,43,12,63,83,26,46,4,7,21,41,19,38,89,9,112,138,36,48,86,15,99,74,91
91,113,114,2,127,59,20,101,57,64,31,33,81,18,14,97,32,84,1,71,40,54,25,68,23,50,5,11,69,39,44,10,28,42,35,22,29,3,49,16,13,17,30,27,47,6,37,0,45,34,55,67,8,24,58,43,12,26,46,4,7,41,21,19,38,89,9,112,36,86,48,99,15,74,91
91,74,99,15,40,54,119,25,68,23,76,38,50,5,85,11,39,44,10,42,28,49,92,16,72,3,47,27,105,66,13,77,17,65,30,60,103,0,87,37,75,52,6,29,108,22,98,34,62,51,55,67,35,8,58,24,43,12,63,83,26,46,4,7,41,21,19,89,9,112,36,86,48,101,20,57,64,88,33,81,18,31,97,14,32,84,1,113,2,59,127,91
91,74,99,15,48,86,36,138,112,9,89,38,19,21,41,7,100,4,46,26,83,63,12,43,24,58,8,35,67,55,51,62,34,98,22,108,29,6,52,37,87,0,103,60,30,47,27,65,17,77,13,66,105,3,72,16,92,49,28,42,10,44,39,5,85,11,50,76,23,68,25,119,54,40,71,1,84,32,97,14,31,18,81,33,88,64,57,101,20,59,2,127,91
91,113,1,114,31,84,32,97,14,81,18,33,64,57,101,20,2,127,59,48,86,36,138,112,9,38,19,21,41,7,100,4,46,26,83,63,12,43,24,58,8,35,67,55,34,51,62,45,79,0,87,37,52,6,29,22,3,27,47,30,73,65,17,77,13,66,72,16,92,49,28,42,10,44,39,5,85,11,50,76,23,68,25,54,40,15,99,74,91
91,74,99,15,48,86,36,138,112,9,38,19,21,41,7,4,46,26,83,63,12,43,24,58,8,35,67,55,34,51,62,45,37,52,0,60,30,73,65,17,77,13,66,16,92,49,3,27,47,6,29,22,42,28,10,44,39,11,85,5,50,76,23,68,25,54,40,71,1,84,32,14,97,31,18,81,33,64,57,101,20,59,127,2,91
91,74,99,15,40,54,119,25,68,23,76,50,11,85,5,39,44,10,42,109,28,49,92,16,72,3,47,27,66,13,77,17,65,73,30,60,103,0,79,45,110,75,37,87,107,52,6,29,22,34,55,67,35,8,24,58,43,12,63,26,46,4,7,41,21,19,38,9,112,36,86,48,59,127,2,101,20,57,64,31,18,33,81,14,97,32,84,1,114,113,91
91,113,114,2,127,59,20,101,57,64,31,18,81,33,14,97,32,84,1,71,40,54,25,68,23,76,50,11,85,5,39,44,10,42,109,28,49,92,16,72,66,13,77,17,65,73,30,47,27,3,29,22,108,6,52,37,87,0,79,45,62,51,34,55,67,35,8,58,24,43,12,63,83,26,46,4,115,100,7,41,21,19,38,89,9,112,138,86,36,15,99,74,91
91,74,99,15,36,86,138,112,9,89,38,19,41,21,7,4,46,26,63,12,43,24,58,8,35,22,98,67,55,34,51,62,45,110,75,52,37,87,0,103,60,30,73,65,17,77,13,66,105,27,47,6,29,3,72,16,49,28,42,10,44,39,11,85,5,50,23,68,25,119,134,118,40,71,1,84,32,14,97,31,18,81,33,64,57,101,20,59,127,2,114,113,91
91,74,99,15,40,54,25,68,23,76,50,5,11,85,39,44,10,28,42,49,92,16,72,3,66,13,77,17,65,27,47,30,60,103,0,52,75,87,37,6,29,22,98,34,62,51,55,67,35,8,58,24,43,12,63,46,26,4,115,7,41,21,19,38,9,112,36,86,48,59,127,2,101,20,57,64,33,18,81,31,97,14,32,84,1,114,113,91
91,74,99,15,40,54,25,68,23,50,11,85,5,39,44,10,28,42,109,22,108,29,6,47,27,3,49,92,16,72,66,13,77,17,65,30,60,0,87,37,52,75,45,62,51,34,55,67,35,8,58,24,43,12,63,83,26,46,4,100,7,41,21,19,38,89,9,112,36,86,48,59,127,2,20,101,57,64,33,81,18,31,97,14,32,84,1,113,91
91,74,99,15,40,118,25,68,23,50,11,85,5,39,44,10,42,28,49,92,16,72,3,29,6,47,27,105,66,13,77,17,65,73,30,60,103,0,87,52,37,45,62,51,34,55,67,98,22,35,8,58,24,43,12,63,83,26,46,4,7,41,21,19,38,9,112,36,86,48,101,20,57,64,88,33,81,18,31,97,14,32,84,1,113,114,2,59,127,91
91,74,99,15,36,138,112,9,89,19,21,41,7,100,115,4,46,26,83,63,12,43,24,58,8,125,35,67,55,51,62,34,98,22,108,29,6,130,75,110,37,52,107,135,87,45,132,128,79,0,111,103,60,123,30,73,17,77,104,13,66,105,27,47,3,72,16,92,49,137,124,94,109,42,28,131,10,44,39,5,85,11,50,76,23,68,25,119,134,118,40,71,1,84,32,14,97,31,18,81,33,88,64,57,101,20,59,2,127,91
91,74,99,15,36,138,112,9,89,19,21,41,7,100,115,4,46,117,26,83,63,12,43,24,58,8,125,35,67,55,51,62,34,98,22,108,29,6,130,75,110,37,52,107,135,87,45,128,79,0,111,103,60,123,30,73,65,17,77,13,66,105,27,47,3,72,16,92,49,137,124,94,109,42,28,131,10,44,39,5,85,11,50,76,23,68,25,119,134,118,40,71,1,84,32,97,14,31,18,81,33,88,64,57,101,20,59,127,2,91
91,74,99,15,36,138,112,9,89,19,21,41,7,100,115,4,46,117,26,83,63,12,43,24,58,8,125,35,67,55,51,62,34,98,22,108,29,6,130,75,110,37,52,107,135,87,45,132,128,79,0,111,103,60,123,30,73,65,17,77,13,66,105,27,47,3,72,16,92,49,137,124,109,42,28,131,10,44,39,5,85,11,50,76,23,68,25,119,134,118,40,71,1,84,32,97,14,31,18,81,33,88,64,57,101,20,59,127,2,91
91,74,99,15,86,36,138,112,9,89,19,21,41,7,100,115,4,46,117,26,83,63,12,43,24,58,8,35,67,55,51,62,34,98,22,108,29,6,130,75,52,107,135,87,37,110,45,132,128,79,0,111,103,60,123,30,73,65,104,17,77,13,66,105,27,47,3,72,16,92,49,94,124,137,109,42,28,131,10,44,39,5,85,11,50,76,23,68,25,119,134,118,40,71,1,84,32,97,14,31,18,81,33,64,57,101,20,59,127,2,91
91,74,99,15,86,36,138,112,9,89,19,21,41,7,100,115,4,46,117,26,83,63,12,43,24,58,8,125,35,67,55,51,62,34,98,22,108,29,6,130,75,52,107,135,87,37,110,45,132,128,79,0,111,103,60,123,30,73,65,104,17,77,13,66,105,27,47,3,72,16,92,49,94,124,137,109,42,28,131,10,44,39,5,85,11,50,76,23,68,25,119,134,118,40,71,1,84,32,97,14,31,18,81,33,64,57,101,20,59,127,2,91
91,74,99,15,86,36,138,112,9,89,19,21,41,7,100,115,4,46,117,26,83,63,12,43,24,58,8,35,67,55,51,62,34,98,22,108,29,6,130,75,110,37,52,107,135,87,45,132,128,79,0,111,103,60,123,30,73,65,104,17,77,13,66,105,27,47,3,72,16,92,49,137,124,94,109,42,28,131,10,44,39,5,85,11,50,76,23,68,25,119,134,118,40,71,1,84,32,97,14,31,18,81,33,64,57,101,20,59,127,2,91
91,2,127,59,20,101,57,64,31,18,33,81,14,97,32,84,1,71,40,118,134,119,25,68,23,76,50,11,85,5,39,44,10,131,28,42,109,137,124,94,49,92,16,72,3,116,22,98,108,29,6,130,75,110,37,87,135,107,52,47,27,105,66,13,77,17,104,65,73,30,123,60,103,111,0,79,128,45,132,62,51,34,55,67,35,8,58,24,43,12,63,83,26,117,46,4,115,100,7,41,21,19,89,9,112,138,36,86,15,99,74,91
